Time,Temp
0,1.99834490676
30,1.54143075275
60,1.02394014528
90,1.3400778959
120,0.136879419514
150,1.27427190986
180,1.24456952411
210,0.42125903227
240,0.918665689103
270,2.78982222303
300,3.1025919726
330,1.91379036087
360,3.02389327012
390,2.78654490968
420,2.85195302423
450,4.8804003971
480,4.80326533944
510,6.54536706989
540,6.81262626116
570,8.59160371565
600,9.90924891725
630,10.3571970705
660,10.7173942621
690,11.3787035951
720,11.6615414445
750,12.9695653709
780,11.954302244
810,11.5569552101
840,10.9934781125
870,9.86302782389
900,8.72943465705
930,7.76256032606
960,7.66782101331
990,6.78120001776
1020,5.58874681283
1050,5.94260945284
1080,4.67622149686
1110,4.07935020658
1140,3.28410040196
1170,4.03433352187
1200,4.10145546213
1230,2.42558432488
1260,2.70841192948
1290,2.72738471897
1320,4.4148064295
1350,4.21123362619
1380,3.82745705822
1410,3.46060762035
1440,3.55591825055
1470,4.39097824398
1500,4.38619700129
1530,4.90657047071
1560,4.46272351296
1590,3.84292755799
1620,2.39080416835
1650,3.16732490553
1680,2.89011915182
1710,3.40365628081
1740,3.93691077141
1770,4.50809086774
1800,5.30414878168
1830,6.15156389585
1860,6.60767366569
1890,7.0550349891
1920,7.79069572259
1950,9.21363444799
1980,9.1769454765
2010,10.2337792197
2040,10.2356875082
2070,11.0243670694
2100,11.1135273297
2130,11.7993883889
2160,11.6127002253
2190,12.9344815648
2220,11.7918008374
2250,12.0156989613
2280,11.7092568339
2310,12.3717883277
2340,12.6947172373
2370,11.9375417243
2400,10.5169945789
2430,9.7676770301
2460,9.34558643881
2490,7.98914895332
2520,6.96018070738
2550,6.03837795674
2580,4.65482249786
2610,4.62723216406
2640,5.01197624355
2670,3.89605129384
2700,4.22822547682
2730,6.27323979734
2760,6.26506449977
2790,6.44457755409
2820,6.09667914383
2850,6.33787638071
2880,6.15263675975
2910,5.52586400312
2940,5.86415754844
2970,6.44038012023
3000,6.1274973569
3030,5.90659716387
3060,5.13745877892
3090,4.57051086213
3120,4.0545654008
3150,4.12985577968
3180,4.78736483112
3210,4.19021981758
3240,5.61496876653
3270,6.09731733243
3300,6.27491609942
3330,7.21750062121
3360,8.24112529753
3390,8.97031066739
3420,10.1407374298
3450,10.7470595582
3480,11.7132831181
3510,13.1112271502
3540,14.1483023467
3570,14.8961368769
3600,15.6915952153
3630,15.5452951092
3660,15.6588867857
3690,15.0388813563
3720,14.4323450443
3750,13.9424825368
3780,13.2776385358
3810,12.7489317997
3840,11.0661013613
3870,10.4154903505
3900,8.14653148628
3930,9.18250810996
3960,6.47911364174
3990,5.75006720672
4020,5.15960009135
4050,5.98349575341
4080,5.97412950588
4110,4.35879085992
4140,4.52753230779
4170,3.88189103366
4200,4.00066764193
4230,4.39918387451
4260,4.17055547045
4290,5.12377996784
4320,5.63518334911
4350,4.68306160946
4380,3.85436059129
4410,4.88700334477
4440,4.92039756489
4470,4.9187249006
4500,4.48705606327
4530,3.92024287942
4560,3.92378682605
4590,3.95884279249
4620,2.77181974285
4650,1.87651380943
4680,0.836478963254
4710,2.79636606506
4740,2.6152046255
4770,4.34474544096
4800,4.46946522962
4830,5.79530902378
4860,5.36358875783
4890,6.9226198524
4920,7.15438201671
4950,6.74627487465
4980,8.71226092908
5010,10.0124505925
5040,9.72294473298
5070,10.7494504905
5100,10.9564021905
5130,10.1010939513
5160,10.2792043203
5190,8.51520296686
5220,4.80909204102
5250,3.19840394517
5280,3.40679768868
5310,5.11390681456
5340,4.87929247689
5370,4.55415819952
5400,2.02690101126
5430,3.01767706487
5460,1.40587803328
5490,1.64609469977
5520,0.669402313343
5550,-0.616014860287
5580,0.632638801451
5610,1.43561428332
5640,2.31355217299
5670,3.72452858439
5700,3.74690800174
5730,3.08757496103
5760,2.16645766688
5790,1.94956358384
5820,0.262820408768
5850,0.512235556446
5880,0.24593385608
5910,0.161630354851
5940,-1.28271528927
5970,-1.18860610575
6000,-0.357596164484
6030,-0.318370921542
6060,-0.472581174307
6090,0.0956019812566
6120,0.602639129149
6150,1.06047919861
6180,2.28370181202
6210,3.96019337209
6240,0.915055827573
6270,5.28954907842
6300,6.05741327652
6330,6.6908830288
6360,8.9330476921
6390,11.1610706999
6420,10.1130856281
6450,10.9378722005
6480,10.9710362029
6510,10.412031831
6540,10.456349367
6570,10.682434588
6600,8.32266068362
6630,8.90403605241
6660,8.5369984156
6690,7.28834883492
6720,3.29566900017
6750,4.0026128968
6780,2.04825019283
6810,2.9078339932
6840,2.65474564633
6870,2.78647709761
6900,-0.368154141504
6930,0.128322986681
6960,-2.3802921859
6990,-0.790046254527
7020,-2.16707395046
7050,-0.0196453506296
7080,-2.5735821142
7110,-1.12705550004
7140,-2.21516651285
7170,-1.04090457221
7200,-3.67249551197
7230,-2.88325882278
7260,-0.374428955908
7290,0.0868064440806
7320,-0.783229415025
7350,0.403647467768
7380,-0.259412659815
7410,-0.15738303504
7440,-2.09269558887
7470,0.0768491205636
7500,-0.199984433711
7530,2.11142336935
7560,2.05582233164
7590,3.23883883386
7620,3.42060441145
7650,5.2660481355
7680,4.81077128188
7710,6.56532074872
7740,6.83480757532
7770,7.04007521111
7800,7.97408027518
7830,9.03563479473
7860,9.09008171196
7890,9.57485335287
7920,10.5709296533
7950,9.66951257666
7980,8.40344610969
8010,9.58625918198
8040,7.01030178749
8070,7.57309043754
8100,7.06365703345
8130,7.40672645636
8160,4.46331936529
8190,6.65105043506
8220,5.09558567848
8250,6.44775230969
8280,4.19171740168
8310,5.81979807081
8340,4.30395552698
8370,3.61506134346
8400,2.83969076552
8430,2.5796064649
8460,2.10192388617
8490,2.73757012133
8520,1.84341805237
8550,2.11966487695
8580,2.35966451182
8610,4.18770594064
8640,2.56319214448
8670,2.61062238699
8700,2.86742982969
8730,3.20839230237
8760,2.68538507522
8790,2.54683473555
8820,2.8611374089
8850,3.3800979153
8880,3.07216275018
8910,2.7410943995
8940,3.14255014379
8970,3.62295880845
9000,1.97144708058
9030,2.99878972574
9060,1.8603804886
9090,3.24052755503
9120,5.0448538122
9150,7.06052840666
9180,7.39827061693
9210,10.6424778315
9240,11.629792382
9270,11.8388066047
9300,12.4175014356
9330,14.6497406346
9360,14.9343954552
9390,15.8084733436
9420,15.4351584179
9450,15.8658811861
9480,14.7394448009
9510,14.1735423142
9540,13.5311273463
9570,12.5510883172
9600,10.9168881279
9630,10.3662469905
9660,8.91032588157
9690,8.73382561411
9720,6.78819398801
9750,7.59999785578
9780,6.35335395332
9810,6.05779541581
9840,4.82305813725
9870,5.7270328614
9900,5.02778079845
9930,4.89494898103
9960,5.10501643156
9990,5.37677557477
10020,5.52218940723
10050,5.42131383358
10080,4.72679988859
10110,4.71725973745
10140,3.38979532044
10170,3.96920890066
10200,2.54184223175
10230,3.8367221493
10260,3.78191182039
10290,3.46907905206
10320,2.38820436471
10350,2.62553293808
10380,3.38435824124
10410,3.30749050866
10440,3.93097130941
10470,5.48545490835
10500,6.10736533372
10530,7.51303335179
10560,8.52030215959
10590,9.80272398056
10620,10.2182654061
10650,11.9588604126
10680,12.7921649709
10710,14.0896536779
10740,14.2929370107
10770,14.941139587
10800,15.0983906023
10830,14.5183825691
10860,14.6914005641
10890,14.7768951584
10920,11.5844035771
10950,12.3492618016
10980,11.3254206438
11010,12.0427237686
11040,10.0582187232
11070,10.4261021335
11100,9.67694957726
11130,8.36491517237
11160,6.56212971818
11190,6.24289149957
11220,5.14641071082
11250,5.25439307773
11280,5.23597171184
11310,5.41174668956
11340,3.62173183815
11370,4.07367873521
11400,3.68812778002
11430,3.72354007012
11460,4.10282880992
11490,5.45339611333
11520,3.96250267453
11550,5.48182715937
11580,5.2165910912
11610,4.86732207004
11640,3.57319104469
11670,3.70931633146
11700,3.81561601339
11730,3.94666892416
11760,4.01311775258
11790,2.86815174342
11820,1.4650026119
11850,4.18826839816
11880,4.62043848211
11910,5.10495281237
11940,5.57530730609
11970,7.32935099166
12000,7.69017378222
12030,9.26367044935
12060,9.74529400392
12090,11.5932656356
12120,11.7041669223
12150,13.9905958138
12180,14.0031133008
12210,15.1362084025
12240,15.1487651635
12270,15.8219266491
12300,15.2887640042
12330,15.2651297595
12360,14.4301007884
12390,13.9498796466
12420,13.6751583016
12450,12.6977239943
12480,10.943719861
12510,11.0202131364
12540,9.71717377835
12570,8.90450926439
12600,7.82435316057
12630,7.45221449348
12660,7.02237386286
12690,6.69199307175
12720,6.84364203123
12750,6.8807721711
12780,6.63993865651
12810,6.11763530162
12840,5.91312914228
12870,7.01513719363
12900,6.57400347329
12930,6.42461051135
12960,5.69360795928
12990,5.53381592486
13020,4.85722463023
13050,4.02788786724
13080,2.70028136585
13110,2.74119942154
13140,3.28796206727
13170,3.62720758145
13200,3.32103276383
13230,0.991380615315
13260,1.49135604697
13290,1.88858676907
13320,1.0848475791
13350,2.91061829296
13380,3.88377175848
13410,4.81524754819
13440,5.96524506276
13470,6.02646280553
13500,6.83176301837
13530,7.96460594646
13560,8.06011875815
13590,8.98846060667
13620,8.8849645771
13650,9.2412171367
13680,9.87398261242
13710,10.1467408822
13740,10.5348158153
13770,10.0450842526
13800,9.5656769967
13830,9.82804416506
13860,7.48443773952
13890,7.7194708878
13920,4.00930702648
13950,4.29225569691
13980,4.37699119076
14010,5.45392482553
14040,4.29992020009
14070,2.80659274081
14100,2.50717838709
14130,2.88749217245
14160,1.60923309777
14190,0.703138354125
14220,0.840648595911
14250,1.0084423727
14280,2.28554774111
14310,2.38151282223
14340,1.71086351876
14370,2.04846070302
14400,1.64664745586
14430,2.23140998828
14460,1.76859888378
14490,3.11469601834
14520,3.13697770148
14550,3.20381917598
14580,3.1239641074
14610,2.63356246175
14640,2.8236923061
14670,1.87207781689
14700,0.703073001522
14730,2.171532595
14760,2.05267923654
14790,2.22939058348
14820,3.717352939
14850,5.18687751527
14880,3.72607062234
14910,4.96423518024
14940,7.14052481765
14970,8.19495697142
15000,9.64313638349
15030,9.9701870499
15060,10.0812914313
15090,12.7757258132
15120,13.4996536332
15150,13.9105434637
15180,13.5577568909
15210,13.0194865228
15240,13.5074935104
15270,13.6534329023
15300,11.6113485968
15330,11.8168835338
15360,10.9589127302
15390,10.6743510994
15420,9.72716272999
15450,9.4689332911
15480,8.77998361726
15510,8.02834891516
15540,6.48507750027
15570,6.61884736656
15600,6.23408174738
15630,5.61268103401
15660,4.56739210437
15690,3.02332866738
15720,4.42479086268
15750,5.73319385613
15780,5.77337647274
15810,5.16372123117
15840,5.26781279495
15870,4.24922045647
15900,3.69690731712
15930,3.57892271216
15960,2.62270343164
15990,2.9363786246
16020,2.75526627348
16050,3.10544004221
16080,2.79914536933
16110,3.23513569673
16140,3.7728912934
16170,4.49990261964
16200,5.3303122521
16230,6.1717920397
16260,6.5233761265
16290,7.7242731055
16320,8.64118412871
16350,9.1037679168
16380,10.2742492047
16410,11.121934863
16440,12.3957474288
16470,13.8127038532
16500,14.7967927928
16530,14.937216114
16560,15.4252555049
16590,15.4772250182
16620,15.1932236252
16650,15.5194803117
16680,15.1942552396
16710,15.4582348634
16740,13.8147668395
16770,13.5329240432
16800,11.706523138
16830,11.2895341185
16860,10.0060490849
16890,9.21394575454
16920,8.64480622746
16950,8.33127094992
16980,7.98668056479
17010,7.86638731998
17040,7.62998365602
17070,7.95016594862
17100,7.91078885217
17130,7.6695138898
17160,7.42177692351
17190,7.51826880384
17220,6.61974254323
17250,6.7711690016
17280,5.84504137328
17310,6.13579735254
17340,5.07573982779
17370,4.48601041285
17400,4.39878576707
17430,4.64337116333
17460,4.1627819253
17490,4.26765679751
17520,4.52189126948
17550,4.57659016398
17580,5.01797303346
17610,4.6828063595
17640,4.66177863246
17670,6.05964354482
17700,5.93229294058
17730,7.33324853803
17760,8.03658509314
17790,9.28452563034
17820,10.4011027974
17850,11.4766247655
17880,12.814235603
17910,13.9286023725
17940,14.2246152406
17970,14.5746580557
18000,14.7890755266
18030,13.7971875549
18060,11.0819819353
18090,11.2196152199
18120,10.7496910351
18150,12.5821443624
18180,12.3098540577
18210,11.8061799292
18240,9.84688912666
18270,9.25945929185
18300,8.79925537296
18330,7.20106207576
18360,5.9804967093
18390,6.90749523521
18420,5.46981050365
18450,6.69241700505
18480,5.06679477478
18510,5.72292096991
18540,5.72629890756
18570,5.96951997115
18600,5.62442409914
18630,5.95052563911
18660,4.81966912299
18690,5.59878440845
18720,5.8632968822
18750,5.18382304987
18780,4.6140967152
18810,5.22429346392
18840,4.66686026153
18870,4.40343603712
18900,3.92291649148
18930,2.00534367634
18960,3.72817728474
18990,3.64614853429
19020,2.02476461126
19050,3.02297018266
19080,3.54036856495
19110,4.89936587937
19140,3.26043400236
19170,5.65339958669
19200,5.87950678886
19230,7.75496581289
19260,7.56053626849
19290,9.16170192957
19320,9.46072890922
19350,12.3555573429
19380,11.2359683466
19410,13.5168801449
19440,13.1246899242
19470,14.377100864
19500,14.5862289833
19530,14.8054033343
19560,14.1553158783
19590,13.9349207736
19620,12.0506141526
19650,9.48581644848
19680,9.18503315062
19710,9.57177043922
19740,6.13351257318
19770,5.17620146652
19800,4.10105214306
19830,3.2043396426
19860,2.99614502126
19890,1.76212828168
19920,-0.637214503942
19950,1.10996169026
19980,1.17703857979
20010,1.68889629041
20040,1.09849230238
20070,1.3968741862
20100,1.57571558781
20130,1.4535814208
20160,-0.99546079143
20190,1.82485714036
20220,0.735829508759
20250,1.26330256531
20280,0.929333264182
20310,0.24207163839
20340,0.0916690317935
20370,-0.654322186301
20400,-0.844605182683
20430,-0.698258024676
20460,-0.682188749379
20490,-0.805865133616
20520,-0.78848153819
20550,0.680283871774
20580,1.85001895846
20610,3.6416195439
20640,4.50301243356
20670,5.69225743841
20700,7.73916033951
20730,8.6047447664
20760,8.97048895127
20790,10.2000226846
20820,9.46859420952
20850,11.2833231306
20880,13.2304639359
20910,13.8094932958
20940,13.8517454944
20970,11.3125847687
21000,10.4196984186
21030,9.58393574721
21060,9.7047883365
21090,8.91083530269
21120,9.55355579648
21150,10.0982138545
21180,8.21156909756
21210,8.00990342338
21240,6.2445258094
21270,6.13035097398
21300,3.91947862356
21330,3.82915058671
21360,3.65527210913
21390,4.15878542674
21420,2.504111802
21450,2.21234902323
21480,2.49186831903
21510,2.39187003571
21540,1.11731188842
21570,2.83745914932
21600,0.290076384643
21630,1.68167665402
21660,0.623515427259
21690,-0.0198548391426
21720,-0.498391392238
21750,0.720305389594
21780,0.999635907945
21810,1.52360096408
21840,0.2104065557
21870,0.523369183935
21900,0.375519645628
21930,0.810770485147
21960,1.90698988257
21990,2.64727951603
22020,2.33423201723
22050,3.81882046086
22080,4.11899850391
22110,5.68243473321
22140,6.59393707187
22170,7.21812844964
22200,8.21341198726
22230,7.38673567077
22260,5.93713414263
22290,7.36198336519
22320,5.92776644594
22350,6.78039956906
22380,6.9215986068
22410,7.47735709299
22440,8.20611933474
22470,9.04207183916
22500,6.6892916223
22530,7.35525749205
22560,6.25314323575
22590,5.76605738534
22620,5.76728665233
22650,3.88292432041
22680,2.90216655058
22710,3.16534417163
22740,2.52612281838
22770,2.86959820913
22800,3.53607181288
22830,3.90235177477
22860,4.80312231764
22890,3.08982048386
22920,2.73514260044
22950,1.90342542503
22980,1.47489886249
23010,2.64159611867
23040,1.17411411073
23070,1.75114736053
23100,0.676183827705
23130,-0.268700933887
23160,-0.44665544959
23190,0.849584499749
23220,-0.212203081439
23250,0.555341953565
23280,-0.64990108401
23310,-0.0811247723494
23340,0.242365879796
23370,1.30276781544
23400,0.236905549176
23430,-0.356832745869
23460,0.905216402358
23490,0.661789922206
23520,0.862716410775
23550,4.16717045509
23580,4.87572826031
23610,6.99463787909
23640,7.6595667153
23670,8.79639647562
23700,7.71638885195
23730,8.41561675248
23760,7.28721595489
23790,8.08663977336
23820,7.55344883425
23850,9.10894723335
23880,7.65516222127
23910,6.61716110187
23940,4.28621539597
23970,5.87944112747
24000,4.69425946904
24030,4.10328171533
24060,0.504073549768
24090,0.154583136156
24120,-1.13224269303
24150,-1.23165539378
24180,-2.05899295566
24210,-2.60462322394
24240,-3.78614437871
24270,-4.14688232277
24300,-4.07471823323
24330,-2.71085200274
24360,-4.36770991716
24390,-1.62232015288
24420,-1.74423019815
24450,-0.308030779821
24480,-0.109728518135
24510,0.426638633037
24540,-1.63109784043
24570,-1.74512291703
24600,-4.91543329496
24630,-6.03872234435
24660,-6.14329156261
24690,-6.75045961101
24720,-5.43071792063
24750,-4.24173062443
24780,-5.70960376286
24810,-5.15271024108
24840,-4.68097654786
24870,-4.05432065055
24900,-3.85585274879
24930,-2.3063634119
24960,-2.77153993563
24990,-0.886099120506
25020,-0.506750536428
25050,1.20267526477
25080,3.11481017363
25110,3.8634368162
25140,4.72088722746
25170,5.04330921324
25200,4.82319780827
25230,6.1771662833
25260,5.63994139467
25290,5.79524282309
25320,4.54138536197
25350,4.46260679359
25380,2.91797383475
25410,3.2143701145
25440,2.08736594255
25470,1.49719268962
25500,0.353797488164
25530,0.0861147479656
25560,-0.871871325493
25590,-0.536643973172
25620,-1.74916210124
25650,-2.52526674066
25680,-2.89023265403
25710,0.842300953891
25740,0.592936752328
25770,1.66574966546
25800,1.17453302119
25830,1.03913589501
25860,0.850520178491
25890,0.846643035962
25920,1.14514760471
25950,0.00821613998394
25980,0.360040652994
26010,0.40562845563
26040,-1.23156671355
26070,0.0046982816382
26100,-1.31377853357
26130,-0.905040271891
26160,-1.99205349861
26190,-0.957872316203
26220,-2.61326946609
26250,-2.2370886204
26280,-1.5985663697
26310,-1.70512228883
26340,0.185690755489
26370,2.43033382368
26400,2.87884678897
26430,4.0060453561
26460,4.24975143242
26490,6.77689052788
26520,7.85206795702
26550,9.51417158181
26580,7.64047826338
26610,9.4319233522
26640,9.92092308801
26670,8.84537401915
26700,8.0084622379
26730,9.04625549435
26760,7.59488958997
26790,8.88050618389
26820,8.25176832456
26850,7.21685370704
26880,6.49903386139
26910,6.13694132426
26940,5.28218404394
26970,3.96151612403
27000,2.24802334844
27030,2.95230491635
27060,2.43213590775
27090,1.69344078124
27120,0.542456759281
27150,1.1040111199
27180,0.38634490362
27210,0.958443951984
27240,-0.564905472597
27270,0.531547946177
27300,-1.74540986101
27330,-1.28140925
27360,-3.55466998647
27390,-2.50329253618
27420,-3.04129663395
27450,-3.36005040608
27480,-3.7791293181
27510,-2.77738086238
27540,-3.18577802483
27570,-2.75294122679
27600,-1.58302278552
27630,-1.38486191848
27660,-0.65646001427
27690,0.22168949818
27720,-0.666971186583
27750,0.514117346277
27780,1.58519817733
27810,1.79549408773
27840,2.52868143001
27870,4.10163836788
27900,3.93159066451
27930,5.51393799277
27960,7.16699884891
27990,9.07886860784
28020,6.03680397828
28050,9.74389588908
28080,7.13810606445
28110,8.10874951687
28140,6.70976925563
28170,6.22786833516
28200,5.86189934689
28230,6.76460345148
28260,4.29967563396
28290,4.6467746327
28320,4.58995630259
28350,4.65070246504
28380,2.3500489914
28410,3.40043527755
28440,0.196515276467
28470,1.07858530926
28500,0.821665392599
28530,0.136914366368
28560,-0.632159361387
28590,0.895904265121
28620,-0.864686929873
28650,0.844908134075
28680,-0.935375402935
28710,2.04264985231
28740,1.69091458685
28770,1.2607955058
28800,1.25018212701
28830,0.406296686192
28860,-0.0665259406621
28890,0.13934771713
28920,0.668121095742
28950,0.833514329845
28980,0.73607584022
29010,0.772410773877
29040,-0.283951382966
29070,0.374420999879
29100,0.83966227913
29130,0.843572835334
29160,2.76001341575
29190,3.93063442953
29220,3.58690144765
29250,3.3818936102
29280,3.5848388088
29310,4.13222742453
29340,5.32891845904
29370,6.57938395472
29400,7.43399653402
29430,7.30222959731
29460,8.32041930002
29490,10.672444526
29520,9.81391479761
29550,10.9018041216
29580,11.7218198083
29610,10.8115060912
29640,10.6029261916
29670,10.4308590032
29700,9.34311317705
29730,8.58949909866
29760,8.87973344315
29790,8.76055259225
29820,7.12327832501
29850,6.35423248355
29880,4.16986455242
29910,3.85531805617
29940,2.37111533915
29970,3.15640561727
30000,1.73182520801
30030,2.15005247483
30060,0.520602202719
30090,1.15111863324
30120,-1.39831438213
30150,1.12839297886
30180,-0.466091859534
30210,1.21743125115
30240,-1.6137397276
30270,-1.45110701179
30300,-0.817183405709
30330,-0.905626448683
30360,-2.03467563911
30390,-0.777692857958
30420,-0.339625958749
30450,0.0840609608446
30480,-1.86957855071
30510,-0.606413077677
30540,-0.444047625528
30570,0.258405404545
30600,-0.570302374835
30630,1.39003001173
30660,0.158461236452
30690,2.73778547398
30720,2.64769978188
30750,4.94935437636
30780,6.84968623504
30810,8.85527124661
30840,8.65669115465
30870,11.0216394198
30900,11.280968855
30930,11.5962086474
30960,11.2281031164
30990,13.3904629052
31020,11.8493172904
31050,11.2895421531
31080,10.5177757969
31110,10.8526282682
31140,10.4907870205
31170,11.3888045749
31200,8.55139417118
31230,7.86981919076
31260,6.32184505291
31290,5.70905401002
31320,6.16770195
31350,5.29984427486
31380,4.65552649531
31410,3.70185210002
31440,3.50780127739
31470,3.05688122091
31500,2.82211507432
31530,4.02559703935
31560,2.1837158768
31590,1.97630893327
31620,1.56227715862
31650,2.33830480903
31680,1.93134440469
31710,1.76873501855
31740,1.21436105702
31770,2.63543764863
31800,1.48674139245
31830,1.73771572947
31860,0.296722732256
31890,-0.272648532678
31920,-1.78334990738
31950,-0.827789261982
31980,-1.28579220625
32010,-1.843815048
32040,-1.62772694247
32070,-0.308777408421
32100,-0.277127363662
32130,1.50256163931
32160,2.90433172648
32190,5.9530568078
32220,6.50823297943
32250,9.29168958473
32280,8.53343375625
32310,9.18871031705
32340,10.5088477619
32370,10.4171240687
32400,11.0116790506
32430,11.231949375
32460,11.7906152313
32490,13.0579916022
32520,12.5695993743
32550,10.2767284707
32580,9.10708008173
32610,8.91132014929
32640,7.59027080281
32670,5.75244048876
32700,5.34287403688
32730,3.73572591059
32760,4.57974801205
32790,3.08651622328
32820,2.33485970338
32850,2.17951149203
32880,1.62306586028
32910,1.94551395387
32940,1.21857246101
32970,-1.46452269659
33000,-2.01183977763
33030,-1.24760838901
33060,0.0368737686041
33090,-0.250660232127
33120,0.579048931363
33150,0.575660815403
33180,-0.293044502852
33210,1.85165803536
33240,0.134254047657
33270,0.102720838227
33300,-1.46670706212
33330,-1.67585412756
33360,-2.12029287925
33390,-2.84117185918
33420,-3.21468850298
33450,-3.81202770631
33480,-3.1978057929
33510,0.0504234464939
33540,-0.48139653362
33570,2.20927428645
33600,2.91584970823
33630,5.42562727785
33660,6.35366652669
33690,7.25996857976
33720,7.18591242171
33750,6.26077704501
33780,7.39731976539
33810,6.79142844953
33840,5.87858777698
33870,6.82733454156
33900,7.42574503024
33930,7.13194993046
33960,6.08482019104
33990,9.24932904873
34020,7.60017246701
34050,8.0964970825
34080,7.65223257229
34110,6.8141114451
34140,4.76460490156
34170,3.91955683553
34200,3.07107188139
34230,2.46911302537
34260,1.30854673974
34290,-0.0262263363744
34320,-0.417550485941
34350,1.15127229399
34380,0.215498204334
34410,-0.425991499161
34440,-0.647981535755
34470,0.673045120977
34500,0.576690745124
34530,1.44343010238
34560,0.798490797613
34590,-0.0650750345732
34620,0.764109812254
34650,0.400235018079
34680,-0.169911372715
34710,-1.53767845167
34740,-2.29618217937
34770,-0.964969781555
34800,-1.11025831332
34830,0.319063689044
34860,-1.16641699229
34890,0.557728208803
34920,1.00522038518
34950,2.717207976
34980,2.63838183188
35010,4.9151560619
35040,4.95953945315
35070,6.23896856829
35100,6.47542062798
35130,9.87605339072
35160,9.22402139893
35190,11.3563307664
35220,12.560422574
35250,12.775899903
35280,11.3426298982
35310,12.1930616981
35340,12.4575151642
35370,13.4027742697
35400,12.9852110147
35430,12.4875849802
35460,12.0813096277
35490,9.86958873087
35520,8.80988545966
35550,7.68109286244
35580,5.85720185257
35610,5.81243921974
35640,3.37395782701
35670,3.83924927548
35700,2.73179559193
35730,2.97802915429
35760,3.89263078353
35790,3.73740828972
35820,3.20620077267
35850,3.37567801814
35880,1.9343278071
35910,3.09395972334
35940,3.79468944705
35970,3.82701671635
36000,1.52342193553
36030,2.20125847328
36060,2.22310799874
36090,2.67699588336
36120,-0.0737571213187
36150,-0.0823431321775
36180,-0.212916891084
36210,-1.18816699082
36240,-0.797117205814
36270,-1.10849486534
36300,0.266458785566
36330,2.30131299336
36360,1.29352460304
36390,0.974151281961
36420,3.10722130163
36450,4.43413290021
36480,5.4649577366
36510,7.47486913116
36540,8.62022583598
36570,9.93991383901
36600,9.24726579507
36630,10.5282523183
36660,11.9219754357
36690,12.0034965353
36720,13.6551706122
36750,12.5916865805
36780,12.1008750312
36810,12.8130460482
36840,11.996562414
36870,11.7402329438
36900,13.1407559853
36930,11.5240889938
36960,9.84071795922
36990,10.3143351067
37020,7.74639046219
37050,7.40313154723
37080,4.99014701821
37110,3.5487865917
37140,2.10033274205
37170,0.680367240588
37200,2.21073599942
37230,3.58393357803
37260,2.21968458894
37290,1.11626855422
37320,1.17321028906
37350,-1.1229812242
37380,0.108681747722
37410,-0.34268872186
37440,1.25202549317
37470,0.293243990431
37500,-0.1330194162
37530,-1.04287406823
37560,0.814038767377
37590,1.11597810084
37620,-0.91744370789
37650,-0.8517985784
37680,-0.762570214475
37710,0.0763342179016
37740,1.43169221519
37770,0.987052147055
37800,1.42692389873
37830,2.95649259455
37860,3.02431051214
37890,4.85502345955
37920,7.12188089448
37950,9.37815670658
37980,8.09586761136
38010,10.261095442
38040,10.8761871669
38070,12.4341909366
38100,12.880084794
38130,14.3745307227
38160,15.8799663002
38190,14.579519293
38220,15.6531509659
38250,15.4638300518
38280,14.6046643066
38310,14.3589565183
38340,13.7252084195
38370,12.8192845002
38400,12.2493936149
38430,11.4013784108
38460,10.4448780301
38490,9.39868204106
38520,7.8391997159
38550,4.97417216578
38580,5.61429802634
38610,6.42572686724
38640,4.78766413406
38670,4.69460104034
38700,4.11596950129
38730,4.23784286064
38760,3.55838657838
38790,1.68378051319
38820,2.64334691906
38850,2.9758028912
38880,3.70687195446
38910,4.00815153059
38940,4.61347773858
38970,4.32882618172
39000,5.02954233667
39030,3.60851214965
39060,3.77875119972
39090,3.08434214664
39120,4.16811403777
39150,3.89174702343
39180,3.56352136097
39210,4.07375236013
39240,4.91231287886
39270,4.87161968022
39300,6.24063408949
39330,7.24645001735
39360,7.5247520903
39390,6.51381279915
39420,9.5725293173
39450,9.9439746834
39480,12.2858749587
39510,11.8307019629
39540,11.4406511095
39570,11.5570155013
39600,13.7582014955
39630,14.8350887993
39660,14.7737132909
39690,15.1463943993
39720,13.9751799604
39750,12.2544005273
39780,12.7942341264
39810,12.4438137801
39840,10.6083105495
39870,8.40927328139
39900,8.89126019318
39930,6.76581218154
39960,7.86431599401
39990,7.97989056929
40020,6.64141428172
40050,5.79608462153
40080,5.57233762812
40110,6.41925101023
40140,6.49303726484
40170,6.47571723313
40200,6.65391187183
40230,6.51179030283
40260,6.65506499423
40290,6.16414305736
40320,4.52307463943
40350,4.87124858794
40380,4.13032308938
40410,3.8329512994
40440,3.43002226687
40470,3.3228267202
40500,2.64065568863
40530,2.76837074045
40560,1.74266510189
40590,0.933256835697
40620,0.0794075325906
40650,1.27570909247
40680,2.53918536899
40710,3.94423984057
40740,3.60508308743
40770,4.90704635297
40800,5.47516076494
40830,7.42842196221
40860,10.1584490594
40890,11.0149271916
40920,12.8276427626
40950,13.2743669636
40980,12.7756347232
41010,13.1649202407
41040,13.9715929036
41070,14.0652958956
41100,13.8477086631
41130,14.2852418941
41160,14.0864727401
41190,12.564135057
41220,12.9080672419
41250,12.2946591523
41280,12.0477682689
41310,9.17141838102
41340,8.39237860926
41370,7.07878696499
41400,5.48540582078
41430,5.19037576577
41460,6.28788287174
41490,4.74678937233
41520,5.95183545707
41550,5.75196069771
41580,5.41984317042
41610,3.40915145029
41640,4.38423369907
41670,2.82017261392
41700,4.36989883294
41730,5.27934458582
41760,5.0681460988
41790,6.13687185006
41820,3.29417156105
41850,3.70875382704
41880,2.49091144759
41910,1.77149391753
41940,1.7994690613
41970,0.843511795104
42000,0.478135018121
42030,2.10870311735
42060,3.25649924991
42090,3.37844019561
42120,4.43825191835
42150,5.09931196613
42180,6.31391565445
42210,6.31172013317
42240,7.97823578919
42270,9.33526517062
42300,10.8357438952
42330,11.4257549178
42360,11.5654602545
42390,12.7246500339
42420,13.1734987056
42450,13.1456169907
42480,15.5655216944
42510,13.9473630199
42540,14.9305217662
42570,15.0395930051
42600,13.3529886809
42630,13.5234703778
42660,13.379435448
42690,12.2343236239
42720,10.9921564007
42750,9.56064932093
42780,8.79672130985
42810,7.27794967453
42840,7.87541642384
42870,6.20543851245
42900,6.68167527654
42930,6.26352075884
42960,5.7550152362
42990,3.94632758092
43020,4.48020088696
43050,5.58133718001
43080,6.20281292763
43110,5.14259631265
43140,5.24752993407
43170,4.78680733521
43200,5.11887690604
43230,5.83057042417
43260,4.72393539497
43290,4.03747234662
43320,4.23213806374
43350,3.67072241794
43380,3.56978915558
43410,3.00571749738
43440,3.01711358908
43470,4.07713428107
43500,4.18027398875
43530,4.75508415581
43560,2.94171329193
43590,4.13027892668
43620,4.96645597586
43650,5.98667002422
43680,8.44870254107
43710,9.48347896761
43740,10.6971112272
43770,11.858762846
43800,13.4180206373
43830,11.833412631
43860,12.6506249994
43890,11.9616011747
43920,13.7937426692
43950,12.901313458
43980,14.9112619522
44010,11.8205908513
44040,10.9156103641
44070,12.1677446584
44100,12.6437587909
44130,11.0014458236
44160,9.40058985763
44190,7.74966487299
44220,10.3693245328
44250,9.26962321082
44280,5.92002794851
44310,4.72135822843
44340,5.07736910941
44370,3.32469762576
44400,2.9239596884
44430,2.137607413
44460,1.29320419923
44490,1.33758328725
44520,1.79965777637
44550,1.19740386272
44580,0.764400404816
44610,1.80718020635
44640,2.24330663824
44670,1.64968357588
44700,1.01340136004
44730,-0.102978625203
44760,-0.208102002207
44790,-0.970050679086
44820,-1.31613542724
44850,-1.97520568926
44880,-0.831812340717
44910,-0.812521599972
44940,-0.756978606384
44970,0.834339607853
45000,-0.475225686554
45030,1.2811601978
45060,1.72524780986
45090,1.71844319906
45120,2.17585589946
45150,3.93603906004
45180,5.20008895665
45210,7.02066578343
45240,7.77656980303
45270,8.74107857605
45300,10.6250985518
45330,10.5192718866
45360,15.1226453673
45390,14.1216757273
45420,15.6819859202
45450,17.4674570733
45480,12.9462177366
45510,14.031097504
45540,11.6419999695
45570,12.1673177266
45600,11.5886981025
45630,8.86803753639
45660,8.80499730229
45690,8.6408013099
45720,5.29842308158
45750,4.68218205537
45780,4.16267883178
45810,4.33716793777
45840,3.56575473104
45870,3.4436153349
45900,3.72516950358
45930,4.67247618453
45960,4.6049388355
45990,4.81405218253
46020,5.44767261581
46050,5.90169799228
46080,4.4223502928
46110,3.95398105129
46140,3.36517849355
46170,2.07167768178
46200,0.946250143638
46230,1.34338446733
46260,-0.299111610339
46290,-1.44116081735
46320,-1.15505416109
46350,-1.65357609598
46380,-0.926577390682
46410,-0.934827981163
46440,-1.81770932425
46470,-0.0256271690719
46500,1.09904674403
46530,2.44897293577
46560,3.04763309536
46590,4.87899759869
46620,6.13843032236
46650,6.78727734714
46680,7.40288863432
46710,7.83943614494
46740,7.6104891692
46770,8.29744029865
46800,8.52274992464
46830,8.85762226816
46860,9.33267898461
46890,9.86864482161
46920,8.50475027504
46950,9.69296620869
46980,9.77087941412
47010,9.64533653588
47040,8.09877764065
47070,7.79676839594
47100,5.67754770487
47130,4.47786816556
47160,3.33542228958
47190,1.98861460807
47220,3.44051848846
47250,1.47834177374
47280,1.20999140922
47310,2.13217921326
47340,1.46271396478
47370,1.91507288096
47400,3.37695032523
47430,2.10995036164
47460,2.25481060542
47490,1.75192131463
47520,3.02111814843
47550,1.9671600855
47580,2.73051654106
47610,3.12324005148
47640,0.106740671486
47670,0.0121044489736
47700,-0.0332293790571
47730,0.813169918719
47760,0.57942601381
47790,-0.485495519493
47820,-0.611880274741
47850,0.199339052206
47880,0.66901495157
47910,0.248936850538
47940,1.15495458948
47970,3.94740037701
48000,2.97851076047
48030,4.25370756825
48060,5.2285073222
48090,7.30403960736
48120,7.919585158
48150,8.82390924438
48180,9.3489701034
48210,10.3734707027
48240,11.7496904515
48270,10.0576642562
48300,11.0322300522
48330,14.1966434511
48360,10.5491305209
48390,11.2101468391
48420,10.4919939055
48450,8.52454039949
48480,8.30377795988
48510,6.48778648594
48540,4.87084968143
48570,4.13413082095
48600,4.29609752049
48630,4.67474086244
48660,4.93313061097
48690,5.87367810406
48720,5.81409931596
48750,7.82812667704
48780,7.47758752104
48810,5.75430382544
48840,6.02030106088
48870,7.67804728889
48900,6.11757293971
48930,2.6384779003
48960,4.06472943084
48990,3.6123979154
49020,5.1856269257
49050,3.31559619752
49080,4.51338265962
49110,3.77984065415
49140,1.82106628956
49170,1.86215041091
49200,1.06664164321
49230,1.42094887992
49260,3.48406318776
49290,1.09911799055
49320,2.0338190091
49350,2.51018969351
49380,4.15475708242
49410,4.35576155874
49440,4.35853473754
49470,5.34494301278
49500,5.5689515871
49530,5.26400096245
49560,6.12613200356
49590,6.2394530602
49620,7.50819884954
49650,8.42967436901
49680,9.06419757164
49710,8.55281328779
49740,7.930687796
49770,7.31812481209
49800,5.84832597686
49830,6.07932864989
49860,5.97773674623
49890,4.82645085564
49920,4.20846590078
49950,3.97446355796
49980,2.3434419157
50010,3.33441240755
50040,2.61236657756
50070,2.21040284657
50100,1.89471235175
50130,2.29625635574
50160,3.07957738925
50190,1.54157808178
50220,1.57915882712
50250,2.06262194103
50280,4.47438467337
50310,2.23622075275
50340,1.45412726509
50370,1.5880500321
50400,0.807560323745
50430,0.706499369193
50460,0.522022381118
50490,0.153926326545
50520,-0.330707163209
50550,0.746908216974
50580,1.13252815679
50610,1.16463701853
50640,0.334946346203
50670,0.740327843406
50700,0.939703392758
50730,1.43283251018
50760,2.48847707463
50790,2.55624641299
50820,4.47920740437
50850,5.84453914773
50880,5.03919054977
50910,6.16097237248
50940,5.94722427729
50970,7.39804690253
51000,8.82141504311
51030,10.0343168033
51060,10.8854973021
51090,11.0141666413
51120,10.4020162101
51150,11.1133054151
51180,11.4743029339
51210,10.9020572621
51240,10.9429904153
51270,10.8176162707
51300,12.3530430694
51330,9.49801476698
51360,11.1375002036
51390,10.8673787053
51420,7.01513018152
51450,5.67872133055
51480,5.51651406218
51510,7.30012438274
51540,5.53655426099
51570,6.25587357295
51600,3.52233342567
51630,4.39624732778
51660,3.25409149721
51690,2.33831964405
51720,3.63663641964
51750,4.2941817974
51780,2.78965079876
51810,2.57705852324
51840,0.651956622481
51870,0.317084816917
51900,-0.0668314380995
51930,0.145597334779
51960,-0.544908240901
51990,-0.402140234931
52020,-0.693390032283
52050,0.609775570464
52080,0.66675300771
52110,2.14097204286
52140,2.59009952336
52170,2.47597056899
52200,3.99312716326
52230,2.60635127092
52260,2.9694370397
52290,4.91556871993
52320,3.87534931931
52350,4.39556193687
52380,5.60913883448
52410,6.20937227982
52440,6.28583927861
52470,7.5234133074
52500,7.71501141562
52530,8.93498236008
52560,9.40158199531
52590,9.91609343028
52620,9.53559788158
52650,9.35717797912
52680,9.06857474944
52710,6.91341407407
52740,5.65913726852
52770,5.06046992617
52800,5.819015004
52830,4.73643483695
52860,4.55193422119
52890,3.26126453006
52920,2.9840761451
52950,2.23777054861
52980,1.31949271611
53010,0.700164833889
53040,1.19924503291
53070,0.156287895086
53100,-0.200541024133
53130,0.560796172304
53160,-0.13030066439
53190,0.44859744665
53220,2.1779677742
53250,1.42842791755
53280,1.66504159324
53310,6.01961674928
53340,5.59726445064
53370,5.14213826486
53400,3.85599141624
53430,1.94714396459
53460,1.27194533301
53490,2.29159145561
53520,1.82170060558
53550,1.14895724924
53580,1.2644608507
53610,2.49833430953
53640,2.70201606297
53670,2.86502914678
53700,5.68506717304
53730,6.88580668112
53760,5.19594413873
53790,6.93968306629
53820,7.16512024571
53850,8.39764512601
53880,9.28533303453
53910,9.66789182086
53940,10.4947444624
53970,10.8680435031
54000,12.7979009164
54030,11.8489680103
54060,11.2952636978
54090,13.0508868093
54120,11.6486044707
54150,9.84543016441
54180,9.20565742803
54210,8.28221439918
54240,6.54581792052
54270,5.83921045705
54300,4.91531949616
54330,4.05744945939
54360,3.66537348864
54390,3.1130605269
54420,4.50913425472
54450,4.41677502597
54480,3.48685689803
54510,2.88425948589
54540,2.29522949958
54570,0.1361940492
54600,0.910064929206
54630,-0.179013557913
54660,0.808781693557
54690,-0.0479378455404
54720,-0.0625497207071
54750,0.65005957631
54780,2.5144708308
54810,1.94885151227
54840,1.58715025146
54870,0.277596729879
54900,1.50697046459
54930,1.92747133033
54960,0.568364318009
54990,1.50887418069
55020,1.98982743824
55050,2.40036550342
55080,1.63421080374
55110,1.64078419866
55140,2.37724630799
55170,4.17510670504
55200,3.55878341534
55230,4.26239865548
55260,5.74617223188
55290,6.24266504664
55320,6.75720458553
55350,6.62702237749
55380,6.3465590994
55410,7.69843340184
55440,6.23432236976
55470,7.15921790949
55500,9.35046956419
55530,9.53009807126
55560,8.82187145397
55590,7.98878039701
55620,7.94623619878
55650,5.8652585713
55680,4.12154036135
55710,3.40172321891
55740,1.91346344623
55770,1.18488757577
55800,0.497683649184
55830,1.06318698001
55860,-0.432426832818
55890,-0.0828676367841
55920,0.0335709005734
55950,-0.0189293290173
55980,0.323908609995
56010,-0.658114118438
56040,-0.19289179828
56070,-1.29808103329
56100,-0.689313394662
56130,-0.8360381248
56160,-0.732456897445
56190,-1.61843851588
56220,-2.32060787066
56250,-1.3395167637
56280,-1.18376114147
56310,-2.05961976696
56340,-2.01366566682
56370,-2.87330101187
56400,-3.63668426185
56430,-5.10777031025
56460,-4.16910407405
56490,-3.74291193572
56520,-1.91679538599
56550,-1.05849111943
56580,1.18513073445
56610,2.2795963151
56640,3.23288759458
56670,3.86336052098
56700,4.19999622265
56730,5.78186419534
56760,6.66357444684
56790,8.67981149533
56820,8.02755258437
56850,9.32909964223
56880,9.86116282189
56910,9.261492677
56940,11.0943090313
56970,11.3909261978
57000,11.0225034293
57030,9.21387806619
57060,9.34495179453
57090,8.67432218382
57120,8.79682451528
57150,6.80951868122
57180,6.4633366156
57210,5.02056245397
57240,3.54373242889
57270,1.82101618359
57300,0.654484956193
57330,0.749598524531
57360,1.13950466661
57390,0.976517246
57420,1.63125003749
57450,0.700387034678
57480,0.448552837953
57510,0.754040053979
57540,0.452867950887
57570,1.92272417073
57600,1.82804967177
57630,1.20516592228
57660,0.897848587382
57690,1.68261822547
57720,0.546658277895
57750,0.683215094038
57780,0.319017884392
57810,-0.770126073673
57840,-1.34456002783
57870,0.336894737843
57900,-0.409622290558
57930,-0.547000349186
57960,-0.311922038477
57990,0.313455003668
58020,-0.00889736747239
58050,0.236989643815
58080,1.47813357575
58110,3.34265334916
58140,3.97245675771
58170,4.87890826859
58200,5.31536219375
58230,6.7558049874
58260,8.11806295494
58290,9.19065541799
58320,8.74619307692
58350,8.70261770694
58380,8.56544086484
58410,8.98354807281
58440,8.82407358657
58470,8.42447221274
58500,8.53189460634
58530,8.49172227143
58560,6.6471973836
58590,5.78185907085
58620,5.20822168703
58650,3.25979581536
58680,2.89221703801
58710,2.7035849389
58740,2.97253961018
58770,1.59618707513
58800,0.738721244176
58830,0.437205419078
58860,0.539422202704
58890,1.96070559272
58920,1.19010122723
58950,1.41308558888
58980,0.992848667046
59010,1.72879228758
59040,0.748988264916
59070,-0.63438628144
59100,0.222167196763
59130,-0.236845856094
59160,-0.644622676882
59190,0.0349466678369
59220,-0.0456005486946
59250,0.347152827
59280,0.50033979098
59310,0.250433410568
59340,0.471546091085
59370,1.00490392202
59400,-0.0388878149355
59430,0.620361603608
59460,0.562759473272
59490,1.47113415236
59520,2.57866482379
59550,4.85523574448
59580,5.5016878138
59610,6.3686792954
59640,5.98972199694
59670,7.45790224491
59700,7.0993717103
59730,8.02869425293
59760,8.16210002446
59790,8.84330601707
59820,9.7941833543
59850,9.29631597825
59880,9.30564428662
59910,7.96606683911
59940,6.77008676094
59970,6.7488548749
60000,7.47801407481
60030,5.79016541337
60060,4.78502780308
60090,3.47706434185
60120,3.65542352401
60150,2.50401456034
60180,2.1401095311
60210,2.69949049376
60240,2.25391922105
60270,2.87527138282
60300,3.41887933562
60330,3.80359227632
60360,3.63502654797
60390,4.01568856025
60420,3.20467665643
60450,4.80441807606
60480,3.60993192561
60510,5.26762027294
60540,3.65503916886
60570,3.62656136833
60600,2.49907875172
60630,2.41458173808
60660,2.4926692716
60690,2.67316112482
60720,1.28660748855
60750,2.23856590298
60780,0.782017447411
60810,0.804356263308
60840,1.91277388541
60870,2.57819784855
60900,2.58156527891
60930,3.11107035411
60960,3.4114426929
60990,6.33975381162
61020,8.80507819104
61050,9.1270071014
61080,8.86469530607
61110,8.65447036033
61140,10.2064360914
61170,9.97131970711
61200,10.0666844848
61230,11.0456349402
61260,12.8852751695
61290,12.8841336851
61320,10.6784050191
61350,9.70728530212
61380,9.08588396668
61410,8.6043911757
61440,7.80666594328
61470,6.09891555155
61500,5.20662049057
61530,4.87483860021
61560,4.10653110982
61590,4.15246284181
61620,3.4114130767
61650,3.58715115802
61680,4.13583795845
61710,3.57752193201
61740,6.18792145349
61770,4.81827441025
61800,5.26517806184
61830,3.63330146004
61860,3.4476947367
61890,2.33126639937
61920,2.59564792919
61950,2.76956220286
61980,3.93622058141
62010,3.95067410492
62040,4.23399382817
62070,1.89239916846
62100,1.15248003647
62130,1.79099065554
62160,1.5966623843
62190,0.37410729889
62220,0.954560935295
62250,0.412973628275
62280,2.31877419892
62310,3.00395858222
62340,4.02922850801
62370,5.8972065185
62400,5.02920859933
62430,6.49459726657
62460,7.08367245472
62490,7.22371643206
62520,9.38921478366
62550,10.6141588703
62580,10.8942755049
62610,11.7246142395
62640,13.0780448823
62670,14.6125209782
62700,13.1020565941
62730,12.3388482103
62760,13.133232208
62790,11.6612649813
62820,9.90156049927
62850,9.82340594155
62880,8.70189054187
62910,8.45381321478
62940,7.27969582564
62970,6.5486448962
63000,6.24711773597
63030,5.06363986385
63060,5.57087623646
63090,5.08307030667
63120,4.48988315927
63150,3.76790718199
63180,3.98985673671
63210,3.05866995297
63240,2.87994070255
63270,2.92720053693
63300,2.77946861433
63330,4.03347526524
63360,6.94771901251
63390,7.44244895542
63420,6.40585696017
63450,4.74096931866
63480,3.60704764724
63510,4.16443269551
63540,3.19258520477
63570,1.92857459376
63600,0.138441300491
63630,1.47850793833
63660,1.79680552332
63690,3.80603681556
63720,1.59518724831
63750,2.35578352528
63780,4.74308570188
63810,6.50469099109
63840,7.85980935797
63870,8.19613678729
63900,8.4482152197
63930,9.35619016762
63960,12.2928844954
63990,13.1934712213
64020,12.420049372
64050,13.6582743686
64080,16.4004605556
64110,17.224999768
64140,16.4098401365
64170,17.6621958615
64200,18.5771984069
64230,16.2597841582
64260,14.8514462363
64290,14.7555743222
64320,12.8641582158
64350,12.4284097806
64380,11.9099892534
64410,6.5120644375
64440,7.49988403969
64470,8.5986907617
64500,5.2131078584
64530,4.99476302861
64560,3.81789452401
64590,6.67753920042
64620,4.02438889917
64650,3.85034219478
64680,3.37925290572
64710,3.41702151274
64740,2.248802293
64770,2.28332614189
64800,1.50854140905
64830,2.30237874205
64860,1.8724744963
64890,2.27480260598
64920,1.65880360031
64950,1.08846121946
64980,0.692756160221
65010,1.01317149374
65040,0.155278487805
65070,-1.39972252232
65100,-0.851917675892
65130,-0.432310084081
65160,-0.574132128783
65190,1.28846298229
65220,2.18499790599
65250,4.75650088823
65280,6.55908505817
65310,7.75989023347
65340,9.44605177017
65370,10.0981569948
65400,9.71580303889
65430,11.987848735
65460,11.29482235
65490,13.688971978
65520,12.8605056324
65550,12.9631831185
65580,13.3552214926
65610,13.2034042067
65640,15.2944748158
65670,11.7512359979
65700,10.3730380409
65730,10.2375999666
65760,9.78233966685
65790,9.12970718167
65820,6.90977580677
65850,8.34829595615
65880,6.73596614051
65910,6.38980741645
65940,5.25807884775
65970,6.06033286123
66000,4.19321194383
66030,5.14799064279
66060,4.17587785358
66090,3.30292896505
66120,4.35597585625
66150,4.04717724965
66180,2.9861535221
66210,4.1490159999
66240,3.58315775676
66270,2.8337863344
66300,2.32085028929
66330,2.60961207294
66360,0.921005738547
66390,2.30501049131
66420,3.59238771448
66450,4.95772093697
66480,2.13348688954
66510,3.56771582477
66540,3.46271752367
66570,5.80712609875
66600,4.44236810536
66630,5.24683308969
66660,3.86364331065
66690,4.70038415019
66720,3.97481389096
66750,5.34344718805
66780,8.00644547215
66810,9.35717172605
66840,12.323945085
66870,14.7685429106
66900,14.7967308381
66930,13.9616735357
66960,13.8445694342
66990,17.1021051719
67020,12.8579067901
67050,12.4533226577
67080,15.4449824219
67110,11.5675867071
67140,11.002671473
67170,12.3862703943
67200,11.1770754102
67230,10.2291134054
67260,6.92853691501
67290,5.63441221277
67320,6.18279324772
67350,6.03667676376
67380,5.12309692351
67410,4.5993721145
67440,4.59225144741
67470,4.23263162036
67500,3.17839597104
67530,1.7064664279
67560,2.01763136194
67590,2.91381474528
67620,2.78342956866
67650,2.6791048324
67680,2.90960251247
67710,0.899494673981
67740,1.7741371283
67770,1.02542567164
67800,0.713896098564
67830,0.574723277499
67860,0.735167612981
67890,1.56434460456
67920,2.01626627637
67950,1.99214399494
67980,1.00494399208
68010,0.517705880191
68040,0.809088466026
68070,2.27467826297
68100,3.01350036671
68130,3.2166106997
68160,4.00717269447
68190,5.81810306344
68220,5.80683047623
68250,8.11513226417
68280,9.73172086422
68310,11.5662027259
68340,11.486754043
68370,11.3218280771
68400,10.6935109363
68430,11.4004773605
68460,10.954965402
68490,11.7471298161
68520,11.0095702761
68550,10.4772621873
68580,9.89706477589
68610,7.65112187401
68640,7.26299155546
68670,7.50786505623
68700,5.9806138997
68730,5.61924158816
68760,6.04130885452
68790,4.57348844883
68820,4.33502014084
68850,4.20274552726
68880,5.00111994658
68910,4.73699357506
68940,3.71672015265
68970,3.37391823825
69000,4.03670331203
69030,4.59033233986
69060,4.56545143573
69090,4.47198766089
69120,3.89562616529
69150,3.95201396117
69180,2.80899470726
69210,3.03204947929
69240,5.32491314544
69270,3.67771782126
69300,3.94383048871
69330,1.86446902484
69360,1.91236174441
69390,2.21917764343
69420,1.4405129712
69450,2.29836276547
69480,3.07503361099
69510,3.52297698031
69540,4.31172725341
69570,5.90866386093
69600,9.94211820366
69630,9.99833725197
69660,8.39054320315
69690,9.03083836347
69720,11.1636004383
69750,11.7910803694
69780,10.9298130351
69810,12.5696657935
69840,13.1588098448
69870,15.887801261
69900,13.6013997368
69930,12.6700114297
69960,11.8636506147
69990,11.2543356111
70020,10.0699132
70050,9.7845055273
70080,9.10805216319
70110,7.42904192064
70140,6.24441990401
70170,4.10016599695
70200,3.14147342955
70230,2.49338981778
70260,1.58344414736
70290,1.60829628121
70320,1.05310023782
70350,0.59862417977
70380,-0.00136112541082
70410,0.145461056253
70440,0.167593690821
70470,-0.0111305082307
70500,-0.785570134065
70530,0.27827838862
70560,0.705716251372
70590,0.509824511795
70620,1.14268238235
70650,1.2038263903
70680,0.932897277414
70710,0.498009129388
70740,1.92844001005
70770,0.803619063997
70800,0.251117546795
70830,0.887056033134
70860,0.924501311681
70890,1.26152394583
70920,1.49352858842
70950,2.35631688409
70980,2.06606217302
71010,3.20443216902
71040,4.44511310505
71070,5.74702488191
71100,7.25784358415
71130,8.13768156583
71160,9.51953882331
71190,14.222728216
71220,13.0195261703
71250,13.6114407985
71280,13.1351943772
71310,11.48054818
71340,11.9206895792
71370,11.7676169259
71400,14.0193618574
71430,11.3183143505
71460,9.60638956418
71490,9.47548882544
71520,8.34889640778
71550,7.11510844824
71580,7.08720415579
71610,5.70942279629
71640,6.03020289523
71670,5.97069255702
71700,5.24827985344
71730,4.276880141
71760,4.11849730194
71790,4.9333038141
71820,4.54065670677
71850,4.59364393897
71880,3.96974345172
71910,3.31896984353
71940,4.48298355928
71970,2.94900950408
72000,1.12355230659
72030,1.60378445733
72060,1.42181673295
72090,0.960076503862
72120,0.3014154799
72150,-0.644920369504
72180,-0.0781056087621
72210,-0.632397116492
72240,-0.915986988927
72270,-1.62430493943
72300,-0.70186748696
72330,-0.834164020216
72360,0.0824478678483
72390,-0.642405764767
72420,1.14328168129
72450,2.34430691559
72480,3.29919357912
72510,3.55903963861
72540,5.17559401812
72570,6.64811169346
72600,7.02899479758
72630,8.02784278668
72660,8.33282126502
72690,8.409288414
72720,9.36893458995
72750,10.3745180498
72780,10.1205739821
72810,11.8393794929
72840,9.49266379796
72870,9.51941943703
72900,8.07025666412
72930,7.67119679173
72960,5.96639889483
72990,5.00740399799
73020,3.90061152386
73050,3.05386240523
73080,3.01223752441
73110,2.730829589
73140,3.2932310484
73170,2.40678929301
73200,2.46033344496
73230,2.74536553074
73260,3.58519054219
73290,3.79311395193
73320,4.49192412643
73350,2.9138099005
73380,3.09633018847
73410,2.08583765849
73440,4.70318356599
73470,3.83545322522
73500,2.88370921216
73530,2.90289385337
73560,2.42189173208
73590,3.60522472783
73620,2.40114448186
73650,2.022289152
73680,0.664020166183
73710,3.69043638276
73740,3.18883231104
73770,3.82791479736
73800,3.22147995994
73830,4.4250890439
73860,4.81226333195
73890,5.73492254396
73920,7.65266656808
73950,10.1468457892
73980,10.3394927852
74010,9.80470865278
74040,11.9684137787
74070,12.7488487615
74100,13.1690310698
74130,12.6210432818
74160,12.6177225752
74190,13.3404786485
74220,13.1939571039
74250,13.4040728463
74280,15.1793310522
74310,14.7701127842
74340,14.755014687
74370,13.6346103289
74400,11.708660776
74430,11.4224603547
74460,10.657987067
74490,7.88292728626
74520,8.66378217051
74550,8.7798304724
74580,6.706154628
74610,5.91221121999
74640,5.08044509669
74670,4.69338511024
74700,5.2128292342
74730,5.3265332022
74760,4.38971346428
74790,3.11227761063
74820,2.44641413819
74850,1.89943005661
74880,2.51825931097
74910,2.08253804995
74940,2.28166414364
74970,2.28616944178
75000,1.61876930834
75030,2.09754099367
75060,1.97275355443
75090,0.547900588901
75120,1.158820276
75150,0.346683593386
75180,1.04119103192
75210,1.44811301441
75240,2.54420927163
75270,3.18426881992
75300,3.8812291862
75330,4.04349685854
75360,5.38707955368
75390,7.6104356681
75420,7.81895926962
75450,8.73560673238
75480,10.6244857179
75510,11.4918631083
75540,12.4829187659
75570,12.2267643122
75600,11.9927449814
75630,12.6304072504
75660,11.0626928228
75690,11.27466899
75720,10.4490363589
75750,9.23383843706
75780,8.94994693903
75810,6.94129014284
75840,6.90008882366
75870,5.94610463484
75900,5.2760729447
75930,4.53604500649
75960,4.41161902493
75990,3.98648095603
76020,3.53369421823
76050,2.71842671089
76080,3.22390784383
76110,3.54893018518
76140,2.82998602393
76170,1.88506217671
76200,1.79186433302
76230,1.81859338678
76260,1.89436815938
76290,1.77356747316
76320,2.02690112837
76350,1.50728917895
76380,0.168842670594
76410,0.322307120736
76440,-0.0185437492001
76470,1.02093927017
76500,0.236258563459
76530,1.17499522473
76560,0.843130467679
76590,0.347210901863
76620,0.292632311161
76650,1.41997971764
76680,1.93913697508
76710,2.95791970143
76740,3.16834459873
76770,4.04984061491
76800,5.75663351672
76830,5.73428938831
76860,7.0117549213
76890,6.65317225629
76920,7.50957562939
76950,8.70854418267
76980,9.21103279567
77010,10.0378698543
77040,10.1772235931
77070,9.82163575832
77100,11.9253024201
77130,13.7319661048
77160,12.7020548295
77190,14.9898870312
77220,12.8190501239
77250,14.3692120659
77280,14.750867698
77310,14.2554103208
77340,11.1338037271
77370,10.0994418721
77400,9.7026228843
77430,6.09260836442
77460,6.287347492
77490,8.2071703533
77520,7.60653275092
77550,9.68554254168
77580,8.53723041189
77610,9.57786209675
77640,9.50244657204
77670,8.79207920771
77700,8.39104305396
77730,5.4394452667
77760,5.24598808848
77790,3.65847415344
77820,3.68992766662
77850,2.80972285755
77880,2.99647495564
77910,3.14806956429
77940,2.5103515772
77970,1.84866955457
78000,1.73859144112
78030,3.93214908378
78060,3.00902227261
78090,4.21538872544
78120,4.89195028405
78150,8.31938300515
78180,8.87637158211
78210,5.93686851631
78240,8.89051545462
78270,11.3038407306
78300,13.6322410264
78330,12.8843475384
78360,12.801495744
78390,12.7057705637
78420,15.9426533941
78450,14.3230720019
78480,16.2060802006
78510,14.2576542258
78540,15.561306974
78570,16.4946457501
78600,14.891295808
78630,12.3321677453
78660,15.3112386084
78690,10.2209607338
78720,10.367377007
78750,9.0932764739
78780,7.35106982418
78810,8.42733598011
78840,7.10826737144
78870,5.94021991316
78900,4.1696875954
78930,3.72563629605
78960,3.58953011283
78990,2.89391653921
79020,4.17435661815
79050,5.08375970739
79080,3.84824267018
79110,3.47672615913
79140,4.84179422271
79170,4.53541596832
79200,5.9969131954
79230,3.45934007614
79260,3.24391205566
79290,2.18950902675
79320,2.36317863847
79350,1.35945877334
79380,0.662122165829
79410,1.56715891354
79440,0.821830762484
79470,0.73956581535
79500,2.81712232493
79530,2.07441731435
79560,1.49777756896
79590,1.7383316301
79620,3.95716866493
79650,4.93175689199
79680,5.41665857152
79710,5.84194040898
79740,7.56441618726
79770,7.85303213418
79800,9.21147217179
79830,9.67321115935
79860,10.2537210587
79890,10.6672630775
79920,10.5198835932
79950,11.7084186874
79980,9.93482626127
80010,9.75586386096
80040,10.3918807128
80070,9.32036264598
80100,8.60227348255
80130,7.82361103932
80160,7.45922181483
80190,7.08220325227
80220,6.31140043727
80250,4.94411673895
80280,4.44596990404
80310,3.88568098317
80340,2.63631193954
80370,2.20245085445
80400,2.11292417135
80430,2.96419171935
80460,2.53869440342
80490,2.13799633094
80520,1.74653392669
80550,2.31688799245
80580,3.32972745419
80610,2.88266993752
80640,2.84043341343
80670,2.00456365132
80700,1.10390489339
80730,2.2320199278
80760,3.18644602605
80790,2.84425824905
80820,1.62972880107
80850,0.474799081089
80880,0.403544041684
80910,1.11502555035
80940,1.17134041512
80970,2.01760462787
81000,1.72921338243
81030,1.90602110547
81060,2.82257416783
81090,3.71680958752
81120,4.83991908227
81150,4.86833899659
81180,5.66667225949
81210,6.65531663688
81240,7.42760400099
81270,7.66367314193
81300,8.80371820385
81330,9.38413699942
81360,9.29530707222
81390,9.41725180923
81420,8.91533183271
81450,9.20285235123
81480,9.40202597985
81510,7.79980144006
81540,7.0026063025
81570,5.69329700585
81600,4.34255627813
81630,4.94480347686
81660,4.57016994961
81690,2.64072288538
81720,2.36005236392
81750,1.63376011824
81780,1.18798006239
81810,0.582373207453
81840,0.194396748602
81870,-0.400627669402
81900,-0.454040977796
81930,-0.0613881125828
81960,1.29153118183
81990,1.31661740802
82020,1.51072377632
82050,1.7858427327
82080,1.95908108376
82110,1.9876493765
82140,1.43448652219
82170,0.9444905396
82200,0.141390140106
82230,-0.651945363683
82260,-0.430969277439
82290,-0.849796037983
82320,-1.66011345756
82350,-0.616120285489
82380,0.0658288044173
82410,-0.405774058522
82440,-0.441030059881
82470,0.277825260995
82500,2.50197522242
82530,2.78690760548
82560,4.04120127817
82590,5.03477470538
82620,5.89989494958
82650,6.88021374548
82680,8.11819835001
82710,9.36841854421
82740,10.6480327179
82770,11.437692432
82800,11.9585539215
82830,11.9268468232
82860,11.9312662515
82890,11.0887726419
82920,10.8132047488
82950,10.734084746
82980,9.81426463212
83010,9.42614708555
83040,9.27243806065
83070,8.81790409916
83100,8.06227099596
83130,7.6136246867
83160,6.0621923053
83190,6.52999500553
83220,8.43384650994
83250,6.79178397397
83280,4.69092204429
83310,4.04680840944
83340,4.46360429974
83370,4.76867844235
83400,5.1481755556
83430,7.05626963844
83460,4.56767322165
83490,3.2829131205
83520,4.12996042871
83550,5.00149467331
83580,6.0191501616
83610,6.21202374861
83640,8.40860945638
83670,5.66561372985
83700,6.79801804163
83730,5.16446395996
83760,5.57404286679
83790,3.1813527913
83820,5.48546899202
83850,6.38039534125
83880,5.95380623971
83910,7.23321323923
83940,8.61601929958
83970,10.9758390581
84000,12.6585557222
84030,13.231468679
84060,14.1129557044
84090,13.1564525708
84120,15.4272152065
84150,14.5980615426
84180,14.9338222203
84210,14.2056116747
84240,14.324497329
84270,13.8467166718
84300,16.6015311599
84330,14.1602992328
84360,13.4793439884
84390,13.3268644955
84420,12.9556417263
84450,13.1309259703
84480,12.1424549176
84510,12.0997502357
84540,9.25887620272
84570,11.9037747551
84600,8.88207133337
84630,8.91486306668
84660,7.930419752
84690,6.29025574902
84720,5.43867412328
84750,5.34873612047
84780,3.59379412599
84810,3.50725964652
84840,3.21989714425
84870,3.98879271285
84900,2.71522566012
84930,2.61643574712
86400,3.15349615869
86430,4.09250401572
86460,4.08479030475
86490,3.29699789282
86520,3.19464741292
86550,4.00075688736
86580,3.72730042602
86610,3.0051298328
86640,2.06260432074
86670,2.03709397765
86700,3.07128621649
86730,3.77027947247
86760,4.9253458338
86790,4.91834724685
86820,8.09560787445
86850,10.4194681414
86880,11.5689892793
86910,12.8719101204
86940,11.8572477456
86970,14.173724293
87000,16.3108278977
87030,15.4303891534
87060,14.7393318156
87090,17.2334095156
87120,17.2701839546
87150,16.3045332813
87180,18.3819468505
87210,15.5366051356
87240,16.6915976049
87270,14.3990986465
87300,14.0590433506
87330,12.2542632854
87360,11.3697998892
87390,8.99960161886
87420,8.1427682817
87450,7.91543511667
87480,6.98396119329
87510,6.79438439785
87540,7.05950762102
87570,6.52301526421
87600,6.17156684359
87630,5.53955078154
87660,6.30041249525
87690,6.04304169644
87720,8.60903475402
87750,7.61615049193
87780,10.121103848
87810,9.75853506734
87840,10.3993636839
87870,9.78159637114
87900,10.1593430189
87930,9.69171538626
87960,7.86599077139
87990,8.54395279184
88020,7.89548660025
88050,8.25627992827
88080,8.15027947669
88110,8.34245072202
88140,8.70755493069
88170,8.98742224283
88200,8.1263369178
88230,8.0383156685
88260,10.555933025
88290,9.63208559739
88320,11.3319657285
88350,10.6397152019
88380,11.2999898615
88410,11.4363139745
88440,14.3355016659
88470,14.8212704705
88500,13.599238739
88530,15.2807055808
88560,15.3686515521
88590,16.1493169859
88620,14.2643333316
88650,14.9796821017
88680,13.6478218924
88710,13.1797618657
88740,13.2804358174
88770,12.1792381637
88800,12.7903035698
88830,14.1502426515
88860,12.9967231377
88890,10.6979252011
88920,9.17476857498
88950,12.4877949892
88980,11.7971751705
89010,11.2311468412
89040,13.2065491262
89070,14.6468298533
89100,15.716128102
89130,14.1652000851
89160,14.061128755
89190,11.4490926331
89220,11.2647114938
89250,11.3767125337
89280,11.5310989055
89310,10.8840484808
89340,8.807689925
89370,7.43026117222
89400,6.87630821234
89430,5.79056387487
89460,3.99866999665
89490,6.09976268618
89520,5.69720307304
89550,5.25045979318
89580,7.53214261131
89610,9.40195994645
89640,11.3685218096
89670,11.2049339442
89700,11.4935334189
89730,13.792643503
89760,17.2510432066
89790,18.2517731599
89820,20.1658506828
89850,21.5878222771
89880,24.1806012934
89910,25.5320046407
89940,25.0683590414
89970,26.5340554635
90000,24.1109496664
90030,25.7479619665
90060,26.0973729123
90090,24.7330616139
90120,23.1557607713
90150,24.1808918083
90180,25.2711864305
90210,24.544532865
90240,23.152816679
90270,19.8838483324
90300,19.0489041019
90330,19.6741729292
90360,20.370992368
90390,19.1584529092
90420,17.4315376607
90450,17.1049403297
90480,15.0753769128
90510,14.4819421002
90540,15.7268610622
90570,15.2530150145
90600,15.2595104776
90630,15.1380861748
90660,14.2306511288
90690,14.43740864
90720,14.2282526189
90750,14.2600422434
90780,13.6850243726
90810,14.238893922
90840,13.6236831169
90870,12.3923900285
90900,11.6882336177
90930,12.228248536
90960,11.3667888904
90990,12.9095060027
91020,11.6228911852
91050,11.4021854217
91080,11.9625534127
91110,14.3591986299
91140,17.116820699
91170,17.1088647232
91200,18.9481211518
91230,20.9189680737
91260,20.9240984839
91290,20.6127089186
91320,21.6252412157
91350,22.6751148016
91380,23.0750190665
91410,23.036150624
91440,23.0104433429
91470,25.4315759513
91500,24.8993303173
91530,24.3534589725
91560,24.3197842844
91590,23.319503296
91620,23.3652247569
91650,21.5177203096
91680,20.7420343766
91710,20.550653104
91740,18.6177307448
91770,17.3552114273
91800,16.7885830918
91830,15.1238397474
91860,14.9829664448
91890,14.9645403704
91920,14.623797789
91950,15.3745721233
91980,15.0149979323
92010,14.307597804
92040,13.0662031443
92070,13.9808784692
92100,13.598739276
92130,12.994459603
92160,13.0161285571
92190,12.8677490882
92220,11.6007438427
92250,9.98994330126
92280,8.36048184087
92310,7.35163885681
92340,6.19296811292
92370,6.09459526695
92400,5.64146172688
92430,6.19617027581
92460,7.36792425729
92490,7.87099612461
92520,8.23267129475
92550,7.74500106987
92580,8.56356874284
92610,14.978653925
92640,15.8691449863
92670,16.4847751855
92700,18.8308642196
92730,19.7909896529
92760,20.5309402181
92790,21.629141753
92820,23.4509181375
92850,23.5069930921
92880,22.8612976061
92910,22.277910329
92940,22.9378627518
92970,23.0666307597
93000,22.4457232982
93030,23.070318553
93060,22.1628970726
93090,22.3656475353
93120,20.7535751533
93150,19.1658865212
93180,17.8084547494
93210,15.1892219901
93240,14.4914836287
93270,13.4175845651
93300,12.2550679364
93330,12.4716319052
93360,11.607422343
93390,12.6175097046
93420,11.3883653964
93450,10.8838041772
93480,10.0039781829
93510,10.8388029219
93540,11.9384865809
93570,9.4088969233
93600,10.9875861833
93630,12.0357746719
93660,11.1845969907
93690,9.64247593002
93720,8.88855388532
93750,8.41060172708
93780,8.26866333589
93810,9.56904185864
93840,9.37501642819
93870,9.62846624899
93900,8.42526589436
93930,9.85068404803
93960,9.99698417727
93990,12.479638631
94020,13.0636424451
94050,12.7693549233
94080,11.6404768754
94110,15.3256658512
94140,15.5805716913
94170,15.2553445813
94200,20.0267886079
94230,19.7214586139
94260,20.4650052625
94290,21.0416733018
94320,21.5972010219
94350,24.7132391253
94380,24.4265992108
94410,22.773547886
94440,20.9555013085
94470,18.9296503303
94500,18.7840465518
94530,19.4126073376
94560,17.5953239549
94590,15.7251757538
94620,13.4527748718
94650,15.1841346268
94680,15.3250029158
94710,13.8058054788
94740,13.374898287
94770,12.9251503212
94800,9.84347633883
94830,11.4894121608
94860,9.23570377366
94890,10.3285025648
94920,10.9600082564
94950,10.1954916441
94980,10.070213263
95010,9.8226420783
95040,7.87333274119
95070,7.39304814457
95100,8.04234793401
95130,8.81900209703
95160,8.16749564088
95190,8.43119688942
95220,7.94520653801
95250,9.18520110176
95280,7.74866949148
95310,7.80533903104
95340,9.49009239301
95370,9.06623139649
95400,10.2410582178
95430,10.17514136
95460,11.4813471306
95490,13.6360523683
95520,15.3294125759
95550,15.8548585546
95580,15.0209725281
95610,18.4667241004
95640,17.6559586891
95670,17.628737433
95700,19.5067572187
95730,21.3299213558
95760,21.0974770361
95790,21.6374322281
95820,22.843560416
95850,22.1278787091
95880,22.2013996761
95910,21.4918544549
95940,19.8040901019
95970,19.2688905947
96000,19.5738147607
96030,15.8804496831
96060,14.999797343
96090,15.5308001666
96120,15.3857927923
96150,13.5471546039
96180,12.5215284754
96210,11.0667889417
96240,10.851909729
96270,10.5192538051
96300,11.2134814503
96330,7.47785027633
96360,8.5457732054
96390,7.46265661667
96420,7.495095062
96450,5.98986696907
96480,6.24966324557
96510,4.58492418773
96540,6.12088534987
96570,5.25581695768
96600,3.58946971068
96630,3.55744972928
96660,3.82397777683
96690,3.13898701549
96720,3.34163179369
96750,2.89991999654
96780,5.02821152256
96810,3.98579166209
96840,5.45440222303
96870,5.59756463252
96900,7.51114958344
96930,9.7882039182
96960,10.3484384186
96990,10.832923703
97020,11.3701517319
97050,12.9006056578
97080,13.2500543247
97110,14.224825514
97140,15.8641025325
97170,16.2097509466
97200,17.5935399585
97230,17.7835071995
97260,20.2140758554
97290,17.3532643323
97320,18.8002148589
97350,18.3454959822
97380,16.1277530669
97410,14.4044981354
97440,14.32103824
97470,12.014230515
97500,11.6677959422
97530,10.9195378785
97560,11.4615331237
97590,8.85607279145
97620,7.40277479708
97650,5.98758951322
97680,5.85845494047
97710,3.94505876035
97740,3.71463603328
97770,3.5649455882
97800,1.96828826247
97830,1.94604998283
97860,2.17525890864
97890,1.96630982617
97920,1.65680144373
97950,1.13874507773
97980,1.27185382724
98010,1.47415823189
98040,0.492585319762
98070,0.403997756621
98100,-0.513748832673
98130,-0.0718229080494
98160,0.31667165788
98190,0.605597422069
98220,1.41105839078
98250,1.75269788266
98280,2.9601046201
98310,2.75032777141
98340,4.41927524906
98370,4.96913102338
98400,6.2625666742
98430,8.0887616455
98460,11.3344869789
98490,11.1787010143
98520,13.0984465072
98550,14.4895358093
98580,15.590328723
98610,15.9433732388
98640,17.0644690552
98670,17.0909696195
98700,16.5629258731
98730,17.4832886604
98760,15.9640119366
98790,14.8063745948
98820,14.2598911831
98850,12.6734465983
98880,12.1723708703
98910,11.1481854279
98940,9.76422190381
98970,9.2073577638
99000,8.54324574595
99030,7.09361745964
99060,7.29899405765
99090,6.46251418146
99120,6.21777083764
99150,5.03850523121
99180,5.59749015846
99210,4.64972528947
99240,6.38825889077
99270,5.28143887102
99300,4.82864465484
99330,4.05350615836
99360,4.81263223142
99390,3.23973718327
99420,2.17207224694
99450,1.5354183092
99480,1.54908594039
99510,1.31025415364
99540,2.56081902597
99570,1.21181007447
99600,2.52890689684
99630,2.08650850606
99660,2.28007773033
99690,4.10102889593
99720,4.1139988107
99750,4.50614377001
99780,6.61881899771
99810,7.83772895163
99840,10.3886549313
99870,10.0246409097
99900,11.4653415792
99930,11.724673599
99960,15.9773070513
99990,15.0705839286
100020,16.7621989374
100050,17.2812824271
100080,20.2924668827
100110,19.3214952286
100140,19.2127928595
100170,18.6554299885
100200,19.2247525601
100230,17.5367410687
100260,15.8502469117
100290,14.3602326713
100320,13.679649492
100350,10.9680983791
100380,10.4592001348
100410,9.32999494533
100440,9.81764993545
100470,7.92599753862
100500,6.85491443804
100530,5.83661384133
100560,6.66224653825
100590,4.57708904334
100620,4.76715591839
100650,4.59326157192
100680,4.88541998804
100710,5.03231084654
100740,5.33866270537
100770,4.15147856019
100800,5.66062083802
100830,3.4016506882
100860,2.99760364093
100890,2.37686298186
100920,3.90489108168
100950,1.5080075663
100980,1.99830232731
101010,1.43340373354
101040,1.55949118342
101070,1.02326758432
101100,2.76321093
101130,3.79185496965
101160,3.40556165915
101190,3.72638059783
101220,5.1134546356
101250,5.59530513804
101280,7.63753617177
101310,9.18649848939
101340,10.8258881856
101370,12.9765660199
101400,14.4475416897
101430,15.3234643794
101460,17.4139555742
101490,16.6093114132
101520,17.5414521697
101550,16.843120369
101580,16.6303718082
101610,16.6706446418
101640,16.1530715175
101670,14.9312584012
101700,15.1964138338
101730,13.1648819347
101760,12.4813909452
101790,10.8856266016
101820,10.7391244479
101850,10.0238745994
101880,9.56108372989
101910,7.32122428027
101940,7.33032323613
101970,6.58097727895
102000,6.94222841581
102030,5.35443508805
102060,5.04751472366
102090,5.07431469249
102120,5.74653726662
102150,6.16531514461
102180,4.93051722996
102210,4.71780734444
102240,6.54297025066
102270,3.97967294687
102300,4.21249487815
102330,2.44543670105
102360,0.866010467201
102390,0.851874554211
102420,0.248091856005
102450,0.747019685711
102480,1.11502326533
102510,1.03855673929
102540,1.48404953311
102570,1.66533120103
102600,3.38911720995
102630,4.03366648171
102660,6.64709613109
102690,6.8520018669
102720,8.0679889618
102750,9.87509770447
102780,12.8218309517
102810,12.5830799572
102840,14.966408218
102870,15.0176724628
102900,15.9379365463
102930,16.0908360119
102960,17.5740892529
102990,16.577534549
103020,17.9519360542
103050,17.0830194159
103080,17.004008887
103110,15.5912397716
103140,14.3251741275
103170,13.8464823855
103200,12.0628451568
103230,11.631551961
103260,10.6093262724
103290,8.85885191851
103320,8.56245762793
103350,7.3848945239
103380,7.24871664146
103410,6.38398643833
103440,7.06740082213
103470,5.35809434304
103500,5.36285527849
103530,6.89824543856
103560,7.44913408834
103590,7.86356870291
103620,7.79645953032
103650,6.50769446717
103680,6.00301985533
103710,5.66086237629
103740,4.45638855744
103770,2.55664323265
103800,2.30180621207
103830,2.5480479964
103860,2.97206997246
103890,3.45777045439
103920,4.00197596109
103950,5.01305978569
103980,3.2447911587
104010,3.85252344217
104040,4.09756229838
104070,4.84417612587
104100,6.5174428944
104130,8.60573534634
104160,10.8814648307
104190,11.6214110383
104220,13.0610985971
104250,13.8755883544
104280,16.1523971525
104310,16.6919012606
104340,18.1153950038
104370,18.5473942917
104400,19.4350072497
104430,18.8454434708
104460,19.8268124984
104490,19.6680224868
104520,19.5125804366
104550,17.8815631348
104580,17.4900424236
104610,16.2364640037
104640,15.6485210634
104670,15.0718593813
104700,14.3268760651
104730,12.8908926982
104760,13.7241198588
104790,11.3869695077
104820,11.3540486767
104850,10.8050111301
104880,10.5052266599
104910,8.85353681282
104940,9.08226893292
104970,9.62936548861
105000,9.35198441074
105030,6.79710480606
105060,7.04609423875
105090,6.12334769895
105120,8.19581645796
105150,7.59006722576
105180,8.96540991016
105210,5.61472138637
105240,6.11072957364
105270,4.83932592282
105300,4.98343365385
105330,4.68905538324
105360,8.41369012063
105390,6.20620735272
105420,8.0548548349
105450,4.96549132564
105480,7.73643081753
105510,8.00961967244
105540,11.9517934052
105570,12.3110395274
105600,15.9755277134
105630,17.2849429565
105660,18.8489537502
105690,16.9000758979
105720,19.9680307761
105750,20.9816698128
105780,21.4784606045
105810,23.8559892749
105840,24.6976403759
105870,22.2524080703
105900,24.8122408836
105930,21.1128442756
105960,24.1869743592
105990,21.3567933152
106020,21.4344681637
106050,19.3288258656
106080,19.137968505
106110,17.4878925591
106140,14.9342567674
106170,14.3964925859
106200,14.7450674282
106230,12.3549468718
106260,13.5304212643
106290,9.69536956409
106320,11.9918599428
106350,10.4911718546
106380,11.5951987131
106410,10.5048831243
106440,10.4645237273
106470,10.3762187326
106500,12.6060491557
106530,10.968474197
106560,11.8357021449
106590,9.89762851864
106620,8.65361832898
106650,7.75335318006
106680,8.94385752554
106710,6.40824167662
106740,7.54247900636
106770,6.91751854299
106800,5.88286594459
106830,4.67023934296
106860,7.00134694663
106890,5.69152916774
106920,9.49134480088
106950,10.9469131086
106980,13.2001406975
107010,12.3670916407
107040,15.5381430467
107070,14.7506163839
107100,17.8633141369
107130,15.6807269616
107160,19.3934190211
107190,18.0803827581
107220,19.1835282141
107250,19.5615049275
107280,19.7613437412
107310,20.2142514544
107340,20.517262131
107370,21.6047259706
107400,21.4725613618
107430,19.8028134012
107460,21.2555557372
107490,17.788402573
107520,18.9644286594
107550,16.3243358098
107580,18.9187685523
107610,16.9892843706
107640,17.4325485588
107670,14.2839470128
107700,14.7923066101
107730,13.1001156411
107760,14.7429203932
107790,12.3468916703
107820,12.1101561528
107850,11.8358562038
107880,13.0197777058
107910,12.1510606635
107940,12.0023509853
107970,10.56686561
108000,11.8137751394
108030,10.3714530546
108060,10.7758319447
108090,10.2648024545
108120,9.06401912629
108150,6.93974983528
108180,9.88452516732
108210,9.77489460287
108240,10.7530900599
108270,8.6163158762
108300,8.4547364426
108330,7.23245917928
108360,8.70302719784
108390,8.24078336677
108420,13.6712060253
108450,13.7545359255
108480,15.7757852499
108510,15.4799809082
108540,16.9206223774
108570,15.2939640946
108600,16.3786014119
108630,16.3733246371
108660,20.1391352868
108690,18.3275212146
108720,21.4644043118
108750,19.4206175667
108780,21.7238411692
108810,18.8972545054
108840,20.8844420513
108870,17.9525014188
108900,18.4692421426
108930,15.900607846
108960,15.6114478708
108990,13.9499191207
109020,13.2876031481
109050,11.7486512182
109080,13.2510495815
109110,10.9631578866
109140,10.9703509716
109170,9.5195072278
109200,9.17271209593
109230,8.70000786424
109260,8.0634072458
109290,8.58394528511
109320,10.3309641501
109350,9.82334048146
109380,9.31288557223
109410,7.65869354266
109440,9.4478145448
109470,8.77312486808
109500,8.98828766041
109530,6.61914244568
109560,7.19737016526
109590,4.56472529179
109620,5.70993490658
109650,5.36754457955
109680,7.28699152154
109710,6.496637546
109740,8.71019929945
109770,6.90863975617
109800,7.92752602677
109830,7.85685367493
109860,10.2428914376
109890,11.5105895762
109920,14.5124910383
109950,12.0646884913
109980,13.7222718712
110010,15.0358860821
110040,17.532859309
110070,17.8712813507
110100,20.4482657167
110130,18.8357301679
110160,21.8151590716
110190,19.8123530608
110220,22.5184242818
110250,19.9389252966
110280,22.2595519955
110310,20.6371633523
110340,18.4158964283
110370,17.0889448284
110400,16.2047326505
110430,15.7806811285
110460,13.9989406701
110490,12.0982900697
110520,12.6738791066
110550,10.3920286
110580,11.1289584347
110610,10.0310968321
110640,10.3142262206
110670,8.96203700717
110700,10.4101652644
110730,9.62495175822
110760,8.49131076499
110790,6.9532760607
110820,7.24705118183
110850,7.02966336908
110880,7.87528619626
110910,7.47630915416
110940,8.80044146509
110970,5.97543615931
111000,7.49405060832
111030,6.30867149158
111060,6.99944054417
111090,6.38424144425
111120,7.10121892705
111150,6.99542746923
111180,7.48566792082
111210,6.17364921905
111240,6.38612906661
111270,6.99652634127
111300,7.89710743311
111330,9.53963276761
111360,15.867811607
111390,16.9508239678
111420,20.729937359
111450,19.7934946988
111480,22.250682411
111510,20.4986081704
111540,22.8342961306
111570,23.7141203928
111600,23.5752510512
111630,23.5922599677
111660,23.8650048837
111690,23.229351329
111720,23.1172022833
111750,19.7042311254
111780,21.41064999
111810,17.2297552721
111840,17.3909005793
111870,14.421522977
111900,17.1125056649
111930,15.0939125799
111960,16.4304325547
111990,11.3508938308
112020,12.6780770544
112050,11.018974402
112080,10.9083801247
112110,10.213922428
112140,11.7326185482
112170,11.0099386216
112200,12.0372315296
112230,9.15581108968
112260,11.8626878813
112290,10.3045681193
112320,11.398145235
112350,9.61046175232
112380,10.2583003886
112410,9.55178373819
112440,9.4429872485
112470,8.92251850305
112500,8.33323066595
112530,8.62643388441
112560,9.45347297707
112590,8.04921433094
112620,11.2385956592
112650,9.86716339884
112680,11.4202932459
112710,11.4350045315
112740,15.1879432462
112770,16.4224431439
112800,18.1480344503
112830,19.1385667048
112860,21.5230879196
112890,21.410514207
112920,23.0453529109
112950,21.0329697859
112980,24.6008154656
113010,25.5856833921
113040,27.2348428995
113070,25.5515974317
113100,27.8078605816
113130,27.6310234187
113160,28.2244199235
113190,26.3065997777
113220,25.3454495803
113250,23.1780537252
113280,22.9720695201
113310,21.6711156406
113340,21.8677652544
113370,21.2032336515
113400,22.9920589552
113430,19.7284744767
113460,18.9691037901
113490,17.1939603908
113520,17.0391326252
113550,14.0751540835
113580,15.0249200727
113610,13.040759732
113640,12.2734781736
113670,12.3864525087
113700,13.1403916052
113730,13.2829972221
113760,13.7890321494
113790,13.7179187044
113820,14.1785932322
113850,11.350914741
113880,10.2639706391
113910,8.42753885566
113940,9.49237108881
113970,8.87739900283
114000,9.83261304933
114030,8.5385958696
114060,11.1488063917
114090,11.3786701413
114120,14.5179313925
114150,14.141829706
114180,16.6752970653
114210,15.4354223626
114240,18.6818009435
114270,20.1322060462
114300,22.3689277641
114330,23.0645975149
114360,23.1272881259
114390,23.7147513029
114420,27.5554895105
114450,27.4077775418
114480,28.8700273502
114510,28.4019372138
114540,28.1899234079
114570,26.8073424524
114600,26.4534250918
114630,25.0142312438
114660,25.6751681509
114690,23.6325310798
114720,23.8656385046
114750,21.3317854548
114780,22.1546846405
114810,19.980920099
114840,19.5863425365
114870,16.6314635483
114900,18.1948466081
114930,15.3931633787
114960,16.6395341187
114990,14.6827768156
115020,15.2882503548
115050,13.5751133176
115080,14.5525760671
115110,13.6623541115
115140,15.7933437996
115170,12.4259951525
115200,15.25293384
115230,14.8284634922
115260,15.428308653
115290,14.1889360962
115320,12.7300383482
115350,10.2423890053
115380,11.665510869
115410,8.7929599065
115440,10.758984558
115470,8.91464470268
115500,12.7635538086
115530,12.8454121361
115560,16.0380642054
115590,17.3362749015
115620,18.8764724415
115650,18.991478745
115680,21.485171369
115710,22.5995815516
115740,25.095730943
115770,26.0358559286
115800,27.4459132798
115830,27.7526084029
115860,28.9381478154
115890,29.6929638974
115920,31.0945733015
115950,30.3013700566
115980,30.4553119018
116010,30.9243727998
116040,30.2195762202
116070,29.4481127518
116100,29.6758402146
116130,27.8554860279
116160,27.5018295372
116190,26.4667394587
116220,25.7368722067
116250,23.4535276561
116280,23.9416059623
116310,22.5748708338
116340,22.4412032651
116370,21.2111347091
116400,21.5278683082
116430,19.577473731
116460,18.6421981005
116490,15.3877456036
116520,15.8322925685
116550,15.7310200684
116580,16.8027749585
116610,16.7138856653
116640,15.9794269881
116670,14.0842045768
116700,15.5256093296
116730,13.7485459659
116760,14.2033864843
116790,14.478612972
116820,15.2846250029
116850,13.3667529842
116880,14.6523007476
116910,14.6895984669
116940,15.712942392
116970,14.8332406966
117000,17.8314210429
117030,17.7654953326
117060,18.6720496964
117090,19.1165536777
117120,19.6063962545
117150,19.3234653892
117180,23.2709827937
117210,25.6921365495
117240,27.2021381119
117270,26.3682030772
117300,27.1784914661
117330,27.2716520935
117360,28.9579493536
117390,28.4509858506
117420,27.8437500647
117450,27.3377154561
117480,28.1663204988
117510,25.352201135
117540,25.69260218
117570,22.8643165791
117600,23.4003783121
117630,22.6147407662
117660,22.9757236093
117690,22.3187482841
117720,22.2698731863
117750,21.1604350287
117780,20.7667141107
117810,21.0927681618
117840,20.7894099941
117870,19.8608032941
117900,20.1589503337
117930,19.3483987514
117960,19.0257496501
117990,17.6103678041
118020,18.5295379972
118050,17.2459936946
118080,16.8645931726
118110,15.901743843
118140,15.741206238
118170,15.5376315888
118200,15.9709250772
118230,15.4929941422
118260,15.5643891768
118290,15.2373797443
118320,15.868500924
118350,15.6764179563
118380,16.1963570958
118410,15.8127237514
118440,17.6631639809
118470,18.9652822072
118500,20.1127896268
118530,21.2555031403
118560,22.9588846368
118590,24.3211894319
118620,26.2795407727
118650,26.8480486557
118680,28.5119869724
118710,28.0096553386
118740,29.3914115927
118770,29.925392277
118800,30.4392666888
118830,29.1930916002
118860,29.5243909053
118890,27.2145897285
118920,28.3444311808
118950,26.641483337
118980,27.5127484461
119010,24.0300009131
119040,25.7740557759
119070,25.2425949687
119100,25.0075951552
119130,22.2381729763
119160,23.439101018
119190,20.9283673545
119220,20.4597791238
119250,20.0305129671
119280,18.8790681196
119310,18.0023104898
119340,19.3363326725
119370,19.800477643
119400,19.441010246
119430,17.1534112175
119460,19.033552558
119490,17.1732075921
119520,17.892995199
119550,16.6294583014
119580,17.8528776338
119610,15.6480752422
119640,16.7514767906
119670,15.6506556462
119700,16.2720134191
119730,15.641372458
119760,16.0422468956
119790,15.6775196283
119820,16.4340678762
119850,15.6818516051
119880,17.7350828417
119910,17.5247779431
119940,19.3300878028
119970,18.0504055658
120000,21.9480571204
120030,22.7803538975
120060,26.044020792
120090,23.9869204983
120120,27.5937631998
120150,27.4596577224
120180,30.160926624
120210,29.7100408354
120240,31.130453423
120270,29.2311179451
120300,31.0387636034
120330,29.4306070366
120360,29.970045178
120390,27.9497339593
120420,27.9909914945
120450,26.9091472831
120480,25.9945940959
120510,25.0339374895
120540,24.6797494736
120570,22.1445718075
120600,22.1855396542
120630,21.2070578886
120660,20.855918918
120690,17.0617771091
120720,18.9727610728
120750,15.3756118858
120780,18.1631455807
120810,16.7996536485
120840,16.8364097151
120870,17.0976351021
120900,15.3823390279
120930,15.3064341159
120960,16.0829840943
120990,15.3089441824
121020,15.6839030891
121050,13.2090315215
121080,13.539333254
121110,12.5032946186
121140,12.5075768226
121170,11.2769475098
121200,12.7698223503
121230,10.2849952823
121260,11.787610031
121290,13.1941630595
121320,15.9122695446
121350,15.6930253763
121380,18.0763779686
121410,19.399460138
121440,22.4016584444
121470,22.3800681044
121500,24.5747962266
121530,26.067002134
121560,28.2116892096
121590,29.0671872438
121620,29.7211587777
121650,30.6294933266
121680,31.4943467532
121710,30.1822936417
121740,31.3443727249
121770,30.202209828
121800,30.2188197634
121830,27.4489314806
121860,28.515269338
121890,25.2210892309
121920,23.895587128
121950,23.2802929705
121980,24.6979998529
122010,21.6573124166
122040,21.9292017952
122070,20.9455320293
122100,20.5021933028
122130,18.5132934106
122160,18.9886394991
122190,16.3803788878
122220,17.3710106511
122250,16.6676546819
122280,17.8971440212
122310,15.6056709642
122340,16.4009322451
122370,14.3126339622
122400,16.2300045579
122430,14.375782628
122460,13.2499842498
122490,12.1689876858
122520,12.185813275
122550,11.0562730916
122580,13.3844598559
122610,12.4990416862
122640,12.9329042176
122670,12.5613318746
122700,13.0473940774
122730,13.730191169
122760,15.9637167681
122790,16.7382110751
122820,19.398094803
122850,18.5016631592
122880,22.1350897468
122910,22.7442163893
122940,24.3876845153
122970,26.0113610451
123000,27.7828465924
123030,27.8672790065
123060,30.1309953921
123090,29.4162461933
123120,32.0968680062
123150,30.7024778269
123180,30.3060486324
123210,30.5694081984
123240,31.4451095613
123270,29.2531608657
123300,28.6371669676
123330,26.7285493112
123360,26.538815663
123390,25.8907654096
123420,25.9872752845
123450,22.0699331456
123480,23.4800784996
123510,20.9488424956
123540,20.3416678846
123570,17.5567501165
123600,18.7931772235
123630,16.8404216037
123660,17.7751369553
123690,15.9152553697
123720,17.1706411577
123750,17.1903589389
123780,17.1316601466
123810,14.9536062931
123840,14.4890349212
123870,12.8026674481
123900,15.1472150853
123930,13.4700075381
123960,15.3665293037
123990,12.9954809632
124020,13.629655088
124050,12.1254880679
124080,13.4953275996
124110,12.6064936825
124140,12.3454249562
124170,13.6605389535
124200,15.8786877373
124230,15.4783709544
124260,17.6148736871
124290,19.8112597438
124320,22.4359360938
124350,21.9230131166
124380,22.6079773726
124410,23.782465992
124440,24.017349001
124470,24.9704823965
124500,28.0910613452
124530,26.2827828929
124560,27.6679689572
124590,25.9080656419
124620,26.2130632815
124650,23.9645849049
124680,24.4950983104
124710,20.7859334468
124740,24.0275259885
124770,22.952831046
124800,22.8672833995
124830,21.016303509
124860,20.9551982346
124890,17.9085615851
124920,19.1588413396
124950,18.9990153674
124980,17.9865362816
125010,15.9011132567
125040,17.414878824
125070,17.5815648074
125100,16.8687288466
125130,15.9588420944
125160,15.6790928504
125190,15.6072828645
125220,14.9940695007
125250,13.810792065
125280,14.0845967489
125310,13.37164111
125340,14.048875815
125370,10.9656771835
125400,11.4350100704
125430,11.2259983902
125460,10.4802306927
125490,10.7910915473
125520,11.078556989
125550,8.64886131201
125580,11.2683539481
125610,9.87943082516
125640,11.211074766
125670,12.1336751353
125700,14.0859911846
125730,13.8960986662
125760,17.6136514073
125790,18.8178724321
125820,21.7183583197
125850,24.3119151541
125880,25.210512602
125910,25.5348448309
125940,27.2812387464
125970,26.395631885
126000,27.2693986005
126030,27.4118146082
126060,27.2935637319
126090,27.4780435832
126120,27.7258507638
126150,25.9126860969
126180,28.227260232
126210,27.0846738478
126240,25.8947849652
126270,24.9891484379
126300,24.4739016114
126330,23.2779369856
126360,23.5015084346
126390,20.8592283133
126420,20.2630883278
126450,19.2060233336
126480,18.2324538228
126510,17.2702066692
126540,16.6629000381
126570,15.9826566082
126600,16.4208434238
126630,14.9592567146
126660,15.7929496804
126690,13.4680911749
126720,13.7820150982
126750,13.7257787392
126780,14.0431769451
126810,13.6502091885
126840,13.3098378341
126870,12.8262004613
126900,14.0635637393
126930,13.567178005
126960,14.6276987434
126990,12.9667278684
127020,12.7730216089
127050,14.4028856251
127080,16.6697478796
127110,16.0069945972
127140,18.9465235511
127170,19.2727379886
127200,20.8745004675
127230,21.0429321432
127260,22.6580896893
127290,24.5904614379
127320,26.7236639742
127350,27.9738088528
127380,29.3990390708
127410,29.841825481
127440,30.4958778009
127470,30.7058744209
127500,31.5351096244
127530,29.6876242571
127560,30.5613209633
127590,27.8602482688
127620,28.7623580379
127650,27.1414821498
127680,27.3041395576
127710,27.5077964885
127740,26.9172821832
127770,25.358498637
127800,23.3241470234
127830,21.9941798144
127860,19.8687780138
127890,18.478201385
127920,19.0734228094
127950,19.0281339936
127980,20.1882269906
128010,17.7434819852
128040,17.5865782709
128070,17.3704548894
128100,18.9221988981
128130,16.5970784204
128160,17.3152928162
128190,14.0434340421
128220,16.3520717283
128250,14.8043526526
128280,16.8366137331
128310,17.0971916672
128340,15.7652863832
128370,14.1971964816
128400,14.4436451585
128430,14.0894209651
128460,15.2227280793
128490,14.2929148753
128520,17.2349789113
128550,17.7653559717
128580,19.4164450778
128610,19.4990262456
128640,21.4333453755
128670,20.9959159748
128700,21.9605776521
128730,22.3586294251
128760,23.0853395376
128790,22.5830497846
128820,25.0504869276
128850,24.6832613742
128880,26.3648960777
128910,24.483753866
128940,26.1149538781
128970,25.0100641354
129000,26.8160333967
129030,25.2406018363
129060,26.3296421575
129090,24.4706626516
129120,23.4763796994
129150,21.4141573659
129180,21.5436751119
129210,21.4046724162
129240,19.6954602029
129270,18.4416579323
129300,18.4071107115
129330,16.7703993794
129360,18.6768801438
129390,16.2178506428
129420,19.3188930702
129450,18.0518679916
129480,17.428650061
129510,14.9701755237
129540,15.5580908655
129570,13.7367952025
129600,15.4762885927
129630,13.7756038783
129660,13.0104439985
129690,13.4201384751
129720,14.2613896426
129750,15.006953484
129780,12.9692937546
129810,11.7151858645
129840,12.0649710283
129870,11.7627933464
129900,12.6773643183
129930,11.5176457294
129960,12.9602617131
129990,14.2448495404
130020,18.0984348477
130050,19.3099314193
130080,21.0393636344
130110,20.8371112405
130140,23.5666620222
130170,23.6374423803
130200,26.1686526412
130230,26.6756799182
130260,30.228520276
130290,29.3467448735
130320,31.586575762
130350,29.1679423606
130380,29.7951238249
130410,29.1458195501
130440,30.5690045529
130470,30.6479074894
130500,29.011409143
130530,27.3930073164
130560,27.494307692
130590,24.3626562167
130620,25.379654273
130650,23.3640041128
130680,22.0916294004
130710,21.3449492279
130740,20.9255702882
130770,18.6241945773
130800,19.8280699667
130830,19.0526063332
130860,19.9959934687
130890,19.391535878
130920,17.9966644216
130950,18.9035627726
130980,18.9943356292
131010,16.3179010314
131040,15.0157329758
131070,13.7727989251
131100,14.1969719801
131130,14.1463701678
131160,14.7337585915
131190,12.5448379632
131220,13.2393217642
131250,13.5731433891
131280,14.2063437673
131310,15.3684139513
131340,15.2424609722
131370,13.4175190537
131400,14.7775840048
131430,15.7600665421
131460,18.5634889036
131490,19.1455287225
131520,20.9500791838
131550,19.753398466
131580,22.619866163
131610,24.3062475199
131640,24.6492550528
131670,25.7568706993
131700,25.6316641125
131730,23.9821614367
131760,25.4798738039
131790,26.8923521756
131820,28.0547293609
131850,27.8798101868
131880,27.0545139361
131910,27.0519718497
131940,27.0719098788
131970,25.7947518303
132000,25.6398202963
132030,24.7296579531
132060,25.0929592683
132090,22.3550723181
132120,22.9557546372
132150,20.2495365533
132180,19.9407226318
132210,17.8262947898
132240,18.87943171
132270,19.2051852248
132300,19.0847976553
132330,18.9774631229
132360,18.7664898046
132390,15.461799437
132420,16.3919133188
132450,15.9258031729
132480,15.9378249744
132510,13.5965247191
132540,15.0145829883
132570,12.4415059352
132600,12.8903837829
132630,11.9376395509
132660,12.3060581012
132690,12.1158215655
132720,13.8241389583
132750,12.416629634
132780,12.6885305501
132810,13.2061954947
132840,7.97562959341
132870,9.82811507317
132900,10.7695788119
132930,10.6675014126
132960,12.5254616879
132990,13.4852230185
133020,15.5476404558
133050,16.9641004761
133080,17.2293592353
133110,17.6419702951
133140,17.5419456698
133170,17.4102295099
133200,18.4369900451
133230,17.1613810385
133260,17.9555631829
133290,16.5860030974
133320,15.7572452821
133350,15.5561445981
133380,15.6830739904
133410,16.0835691216
133440,13.3638354385
133470,13.1228496796
133500,11.0344678685
133530,9.81736065295
133560,7.94096800067
133590,8.59992199632
133620,9.76429899548
133650,11.6284837994
133680,9.3516346475
133710,7.82128234784
133740,6.72253335249
133770,5.54227768079
133800,5.99914929767
133830,5.45603265625
133860,3.56269016914
133890,5.61980207904
133920,5.14363683906
133950,6.04898871258
133980,5.61946523915
134010,5.29524516984
134040,7.49787586629
134070,7.63944489329
134100,7.41312358667
134130,7.98319628408
134160,7.81164680512
134190,7.56636633042
134220,8.72139364346
134250,7.66865796479
134280,9.20522718183
134310,11.4799658456
134340,12.4881081689
134370,12.1304316652
134400,13.5543798085
134430,14.379495388
134460,15.3921462056
134490,17.8738569135
134520,19.8253898022
134550,20.5966865973
134580,20.2870121061
134610,21.9662828037
134640,21.120143741
134670,22.9953007575
134700,23.8648574403
134730,22.5264134306
134760,22.9176723979
134790,22.2652508184
134820,20.7415500465
134850,19.8133855562
134880,19.5338683991
134910,19.0019216352
134940,17.1118446372
134970,15.521296781
135000,14.6264330226
135030,14.068766448
135060,13.4320449646
135090,12.8970465339
135120,11.8084530357
135150,11.5512739313
135180,11.0216175906
135210,11.010759536
135240,9.69940001659
135270,9.67045179917
135300,9.826064655
135330,8.34787036684
135360,9.25514948562
135390,10.2475516556
135420,9.95555601182
135450,9.01102522251
135480,7.89132523292
135510,7.47217509273
135540,5.84266827188
135570,6.06875589844
135600,4.92047978216
135630,5.94754165476
135660,6.21653334502
135690,7.02765284695
135720,9.13731520251
135750,7.86158639097
135780,10.154593566
135810,9.12712444268
135840,11.8087407449
135870,10.9828598274
135900,12.4125643242
135930,14.5752023339
135960,15.8542688241
135990,15.53244524
136020,15.8039144284
136050,17.3838347654
136080,17.0928439755
136110,17.6018089785
136140,16.2451465792
136170,18.99272904
136200,17.5069191681
136230,15.6439303332
136260,13.9220389699
136290,16.161277665
136320,15.2782479608
136350,14.4394700235
136380,14.9651282984
136410,13.5655477384
136440,11.8604124935
136470,12.0368464259
136500,10.2072760284
136530,8.31053266974
136560,9.09815938584
136590,7.91805638598
136620,7.55869766366
136650,5.73087390536
136680,9.14426570433
136710,4.97199573124
136740,5.66961264425
136770,4.66145582816
136800,6.56082066985
136830,4.67741136069
136860,2.67591690841
136890,2.18723779565
136920,2.37739389443
136950,2.30389217456
136980,4.11109839317
137010,4.16588593081
137040,4.04391490488
137070,6.20023809006
137100,6.6234959783
137130,8.10962932494
137160,9.27678652007
137190,8.95135198425
137220,8.2939466844
137250,12.279716709
137280,11.5011636359
137310,11.7105204792
137340,13.5886329441
137370,15.8992766875
137400,16.7887922982
137430,16.8928365532
137460,16.1333338708
137490,15.5756241221
137520,15.5578743059
137550,17.8809921995
137580,16.6126518088
137610,15.2493769536
137640,16.2441781242
137670,17.0996600469
137700,16.7679900313
137730,15.5898076137
137760,14.6817336805
137790,14.5444175071
137820,15.8087333194
137850,14.2229238265
137880,12.9464900216
137910,12.0224539608
137940,12.8407955192
137970,11.9233688262
138000,10.4089677254
138030,10.7311151763
138060,9.60727395695
138090,9.52078844059
138120,10.5377402275
138150,11.0488603949
138180,10.7097544333
138210,8.37780611507
138240,7.40707122374
138270,6.1667468825
138300,6.29948040668
138330,5.33260413977
138360,4.95357489717
138390,4.9478900947
138420,4.83367052171
138450,5.79116940448
138480,5.75282903516
138510,5.6736567296
138540,5.36721281901
138570,7.28831164019
138600,8.2435804952
138630,9.28591280768
138660,11.0785030417
138690,12.5014731441
138720,14.0694680215
138750,15.2171443361
138780,16.5040140528
138810,17.5770185646
138840,17.5739853831
138870,17.6888606925
138900,19.0773664575
138930,20.2151556679
138960,20.5672316262
138990,20.3814344051
139020,21.5735730489
139050,21.0914378755
139080,20.0331042505
139110,21.2144843442
139140,21.0222529739
139170,20.751399141
139200,19.2276490979
139230,19.2248476782
139260,17.9677594385
139290,16.0597303149
139320,16.5208441867
139350,16.1117665389
139380,16.2745206589
139410,15.5071694128
139440,14.8763468738
139470,13.9416697074
139500,12.7079020792
139530,11.5503679107
139560,9.76499254474
139590,9.88287280518
139620,8.0724143461
139650,7.38757947608
139680,8.60965744424
139710,9.11091082121
139740,9.57906425508
139770,9.84139708773
139800,7.43387128358
139830,6.2317390408
139860,6.67609706902
139890,6.83326682707
139920,8.97480902299
139950,8.57466048102
139980,9.98728464163
140010,10.5779544495
140040,11.1289750766
140070,13.2423597111
140100,14.2776465497
140130,15.8963785467
140160,16.9009316523
140190,17.890003389
140220,18.3894301503
140250,18.9975709237
140280,21.1240214927
140310,22.1364055157
140340,21.4197940677
140370,21.7075719406
140400,20.4719999705
140430,21.1497393955
140460,22.565532753
140490,22.0732641148
140520,22.5535094452
140550,22.4099313715
140580,21.7402582515
140610,21.9939098762
140640,20.2273471176
140670,20.1130879937
140700,19.7481143581
140730,18.5066808944
140760,16.959117127
140790,13.5945057587
140820,12.645013719
140850,11.8011029245
140880,10.6847540004
140910,10.4167715716
140940,10.2216015661
140970,9.78888445828
141000,9.89400848322
141030,7.99869328048
141060,8.06036969541
141090,7.21638191057
141120,6.92499766264
141150,8.52248530338
141180,6.78287253784
141210,8.59176466833
141240,9.0785370832
141270,8.40743215147
141300,8.41589116538
141330,7.73877693129
141360,8.36702306568
141390,8.09135614235
141420,8.46003101147
141450,8.36940389339
141480,9.08239261949
141510,9.72809939189
141540,10.9796797731
141570,12.1408637573
141600,12.4431326964
141630,13.9319994777
141660,13.9131376011
141690,14.2512966125
141720,15.6841610415
141750,15.6712631123
141780,17.1085470209
141810,18.7638267747
141840,20.3883401647
141870,21.356964974
141900,20.064974033
141930,19.2274785792
141960,20.3129069648
141990,17.3976892093
142020,16.3129567644
142050,13.8859126605
142080,14.1682967573
142110,12.4903880251
142140,12.4310851222
142170,9.71615020429
142200,8.26489666308
142230,8.79766789585
142260,7.58742620544
142290,4.21917959488
142320,3.54455092741
142350,4.73685058452
142380,5.75003342028
142410,5.94435572408
142440,6.36597923594
142470,5.26322732761
142500,5.99244155692
142530,6.77342255216
142560,6.82401625668
142590,6.81676518376
142620,6.52927152549
142650,4.63863893111
142680,3.37156749598
142710,1.2477491674
142740,2.44128568168
142770,2.4446974013
142800,4.3853493399
142830,5.57353241931
142860,5.97376015595
142890,7.6065811836
142920,9.59879869283
142950,10.3084714657
142980,10.5653977369
143010,12.3787489215
143040,14.3188848672
143070,16.1786465142
143100,14.4101615418
143130,16.1684154372
143160,17.2180595491
143190,18.6081932711
143220,19.9463313842
143250,21.4835489061
143280,22.5141662758
143310,21.0656248856
143340,19.7619554099
143370,19.1054812512
143400,20.4845309557
143430,16.5665171465
143460,18.4091970551
143490,18.3800399898
143520,18.0548732679
143550,16.269695079
143580,16.7175294829
143610,14.3919633836
143640,15.6384321435
143670,11.9587219664
143700,12.2656471133
143730,12.6341377395
143760,12.8541846109
143790,11.5602927978
143820,10.7538300538
143850,9.8312678452
143880,8.78926674762
143910,8.70712138079
143940,9.2540329139
143970,8.07343459953
144000,9.0044242607
144030,8.06883077314
144060,7.66256245966
144090,5.38097009444
144120,3.97593016255
144150,2.92910827575
144180,2.53028075022
144210,3.28679090827
144240,4.91406163548
144270,5.80599704067
144300,7.23080491594
144330,7.86134395905
144360,8.49401057999
144390,6.99016255715
144420,7.66398244963
144450,9.12127662039
144480,10.4979047566
144510,11.7650717926
144540,15.8871854985
144570,16.8271040053
144600,18.3174513246
144630,19.146928678
144660,19.3201223185
144690,20.7752971315
144720,21.0520860829
144750,19.93502637
144780,20.3073391729
144810,21.2675282318
144840,20.0915269492
144870,17.1208844719
144900,18.3597282752
144930,17.2056272697
144960,17.4255490944
144990,15.1352436189
145020,14.7665011472
145050,14.5870843348
145080,12.6804448152
145110,13.248269217
145140,10.8422032839
145170,11.9246204743
145200,10.7279775172
145230,10.6712654632
145260,10.44275078
145290,10.3377228647
145320,9.76366285049
145350,10.0558279009
145380,5.88290249742
145410,8.23950677085
145440,8.06534460029
145470,7.07310481045
145500,4.71759619626
145530,3.97542693481
145560,4.19202208269
145590,6.18493871353
145620,4.82099591441
145650,1.9743099718
145680,2.36391777259
145710,1.70583792447
145740,4.17701416588
145770,2.83128321797
145800,5.91160764177
145830,8.06538918656
145860,9.41008203424
145890,10.4589286211
145920,12.0678959074
145950,12.7536273913
145980,15.6131719601
146010,14.8555425792
146040,18.571044963
146070,19.4359358273
146100,19.8574616575
146130,20.77727374
146160,21.2399099537
146190,20.9865834123
146220,20.5951282673
146250,21.0408033044
146280,21.4142133865
146310,21.6676616134
146340,22.4421820455
146370,19.1981176168
146400,20.2976929513
146430,20.1654493735
146460,17.0608649214
146490,16.1209253527
146520,15.8985761572
146550,15.1758883928
146580,13.0781795632
146610,11.8888533175
146640,10.955710284
146670,10.6883621831
146700,9.73484934645
146730,11.1251496669
146760,11.3702360546
146790,10.1987554113
146820,10.3764858539
146850,7.6486918431
146880,9.41658326713
146910,8.77221311116
146940,8.32996457593
146970,7.55261171639
147000,7.83384586378
147030,7.6074273763
147060,6.611875583
147090,8.12020614563
147120,9.8474648218
147150,10.5303343675
147180,11.4544946531
147210,12.6629681676
147240,12.4012781308
147270,14.7190299139
147300,15.1587510467
147330,16.2408546512
147360,16.5255254887
147390,17.4746951626
147420,19.8376503593
147450,20.3965318019
147480,20.7035358804
147510,21.1258897555
147540,23.0190152565
147570,21.9447199549
147600,22.3983372059
147630,23.6661707957
147660,25.7618398977
147690,23.5179794993
147720,24.0550826729
147750,24.2838663126
147780,23.3170593861
147810,20.951282353
147840,20.8394430249
147870,19.0803321368
147900,18.8805351792
147930,18.0019288521
147960,17.6354538602
147990,17.7800442057
148020,16.1706747748
148050,13.6887837739
148080,12.0884750576
148110,10.11896319
148140,9.36703181813
148170,10.8502590163
148200,10.5409401537
148230,9.29079434123
148260,7.94217447359
148290,8.20218555463
148320,4.62055353409
148350,3.87067168762
148380,4.37663358124
148410,3.37263592781
148440,2.20809872175
148470,1.52353904322
148500,1.58392221398
148530,2.85544057793
148560,3.54956913053
148590,3.89138872773
148620,1.05519378567
148650,3.05205982786
148680,4.56525554946
148710,5.9429275299
148740,8.40111743288
148770,10.8663946088
148800,11.5954343112
148830,13.1287320734
148860,14.689114082
148890,16.8286252435
148920,16.949798687
148950,16.2431105502
148980,16.8598466539
149010,16.8932617709
149040,17.5860034227
149070,18.3954422377
149100,18.8038696638
149130,19.9032915338
149160,16.3373341481
149190,15.0731836169
149220,15.6086728262
149250,14.221580701
149280,14.7851708835
149310,14.0902662199
149340,12.8764501656
149370,12.746132372
149400,11.1322381224
149430,11.2871085709
149460,10.9779737167
149490,7.61499088666
149520,8.19987981114
149550,6.28912102276
149580,5.16702042312
149610,5.60856810001
149640,2.56740998684
149670,4.66330544345
149700,3.63793551338
149730,2.26384092621
149760,3.55279490743
149790,4.603026892
149820,5.16751035124
149850,4.47208315541
149880,3.03911069794
149910,2.44953263872
149940,4.02343680011
149970,4.89330682611
150000,4.25130037949
150030,3.96794417335
150060,6.53377695736
150090,7.79917842855
150120,8.41714124472
150150,7.92169803018
150180,7.87355824345
150210,9.56521458192
150240,11.16320003
150270,10.4737286771
150300,12.1618438622
150330,13.9172477355
150360,15.4644385637
150390,17.2822657487
150420,19.8309247962
150450,18.4776895196
150480,18.0032031288
150510,17.802288414
150540,18.4050491063
150570,17.8115365555
150600,18.5840968138
150630,18.1829953713
150660,18.5852082743
150690,16.8518890657
150720,17.7953279275
150750,18.0379581194
150780,16.263511099
150810,14.0720790279
150840,14.7987609611
150870,11.9254052606
150900,10.8148961422
150930,9.67214149132
150960,9.0166475066
150990,9.46094874045
151020,10.2258422527
151050,8.6134381109
151080,5.9205511813
151110,5.05758295834
151140,4.69372767199
151170,3.57343575413
151200,3.62077883765
151230,1.80120895925
151260,2.36758551781
151290,2.0561169097
151320,0.51105267737
151350,0.451030115547
151380,0.440157255282
151410,0.239058030949
151440,0.141028727667
151470,2.40352231378
151500,3.74707602246
151530,6.65026185586
151560,7.84651308495
151590,6.48551671656
151620,7.82370673094
151650,10.2179657839
151680,9.56013387123
151710,11.5895064171
151740,14.1445370689
151770,14.576154504
151800,15.578759666
151830,16.0117141157
151860,18.2532520443
151890,18.5520377288
151920,19.8261090329
151950,19.1624709179
151980,18.6828271334
152010,17.4887260225
152040,16.6713985522
152070,16.8435275245
152100,15.924363336
152130,13.2503564925
152160,12.5615256201
152190,13.1049006224
152220,12.8764208651
152250,10.8700345743
152280,12.707987109
152310,12.6771493316
152340,9.80366028476
152370,9.2940755548
152400,12.0314995324
152430,10.2056644954
152460,9.72467410777
152490,9.66467268051
152520,8.65218651995
152550,8.05132890102
152580,8.57868656122
152610,9.38374815704
152640,8.31247546497
152670,6.18988548135
152700,5.14223667199
152730,4.64387216501
152760,4.02373512879
152790,5.52421752243
152820,5.39396034634
152850,4.9329416512
152880,4.81689559078
152910,4.84555373755
152940,8.19897446827
152970,8.43513019172
153000,7.69967506082
153030,10.745489573
153060,11.7072231942
153090,11.0775349781
153120,13.9518370324
153150,14.9631633155
153180,17.3929898929
153210,19.0397389723
153240,21.5367328411
153270,21.4005639558
153300,21.6593182506
153330,22.8461416749
153360,23.9475028169
153390,23.1980748097
153420,23.9844304424
153450,21.5167681929
153480,22.7795480008
153510,19.1164946178
153540,18.7671279503
153570,20.5930862133
153600,19.912369456
153630,20.5431320224
153660,19.1813292891
153690,17.2388490306
153720,16.053050046
153750,15.4727638642
153780,15.3917681174
153810,15.2779918163
153840,15.9831382402
153870,12.7104215298
153900,12.7266097593
153930,11.3121931659
153960,11.2812488723
153990,10.9381365296
154020,10.5397140948
154050,10.2727484065
154080,9.85119532634
154110,9.51241498136
154140,8.36524023934
154170,9.46629297624
154200,9.65949835186
154230,9.00406160329
154260,10.5834303106
154290,11.4386414941
154320,11.6420822646
154350,12.4976750116
154380,13.4845471731
154410,13.9481026267
154440,15.5798351149
154470,15.9233384051
154500,18.4714672068
154530,18.6266028797
154560,20.2035821475
154590,21.2580653265
154620,21.443571701
154650,23.100842762
154680,24.5487546251
154710,25.0472862388
154740,25.7703335335
154770,25.5324566678
154800,25.4672719429
154830,26.8255790695
154860,26.5682698456
154890,26.4769714095
154920,24.8855407775
154950,23.6185261644
154980,23.1225603541
155010,23.5793631221
155040,23.4129339301
155070,22.2088682872
155100,21.6382270973
155130,21.5376711229
155160,20.5916194529
155190,20.9556111645
155220,20.3538287158
155250,18.5431524649
155280,17.6722260794
155310,16.8881546359
155340,14.5032209458
155370,15.0342146467
155400,13.8695628603
155430,13.5765739579
155460,12.1569921223
155490,12.5429659998
155520,12.3419610555
155550,12.675261948
155580,12.8291441491
155610,12.1986399242
155640,12.8316999418
155670,12.2084188845
155700,12.8828994969
155730,12.5493683126
155760,13.3948252968
155790,13.4053509968
155820,14.2248514935
155850,15.7607637907
155880,16.1517542654
155910,17.1287172095
155940,18.1557991692
155970,19.2095000374
156000,19.7806448199
156030,21.0054406367
156060,21.8151425448
156090,23.5530173827
156120,24.3626480456
156150,24.4777061575
156180,24.0550553508
156210,25.1118937156
156240,24.7643009339
156270,23.542883772
156300,23.6429284353
156330,24.2311090928
156360,23.2257412636
156390,24.2260077633
156420,24.1032693862
156450,21.395462675
156480,20.310979681
156510,20.5523261697
156540,20.3732191654
156570,20.9447552393
156600,19.1740223229
156630,18.8216931174
156660,17.1161491395
156690,16.4441772976
156720,17.7698961882
156750,17.6806307528
156780,16.3990726956
156810,15.4008696697
156840,15.302239
156870,13.7052707626
156900,13.5814888513
156930,12.109537633
156960,11.9955361001
156990,12.4287007944
157020,12.7184332043
157050,10.7856651728
157080,9.77460206615
157110,11.755780757
157140,11.5330650999
157170,11.4708918798
157200,12.1974311761
157230,12.7721369614
157260,13.77173986
157290,15.0517623834
157320,15.9262258444
157350,16.3667480721
157380,16.6091040552
157410,17.0887465548
157440,17.2359615849
157470,17.5883831895
157500,20.5520009661
157530,22.0290095139
157560,23.4014079467
157590,23.6268680595
157620,24.2179570222
157650,22.6247857593
157680,22.9078770866
157710,23.7162235058
157740,24.0977517441
157770,23.3275268594
157800,24.3223081095
157830,22.843997874
157860,22.0575532748
157890,21.3061595459
157920,17.9409578333
157950,18.5122026671
157980,15.5102149631
158010,15.4800584543
158040,16.9958904064
158070,14.9196449311
158100,14.4159037152
158130,15.5305206823
158160,14.6008348828
158190,13.768092236
158220,13.4902287425
158250,12.1037523608
158280,10.919857516
158310,10.5216578867
158340,9.33419650056
158370,8.42301643415
158400,8.45607973966
158430,9.72664854144
158460,7.5340841995
158490,9.43171932118
158520,10.1741556287
158550,7.70243346996
158580,8.27357056262
158610,7.47916039595
158640,7.75641530426
158670,8.57022672882
158700,9.08733766169
158730,9.53031396776
158760,9.59504630853
158790,12.6933458536
158820,13.2830787727
158850,15.222263716
158880,16.7435832302
158910,18.8286183146
158940,18.9890377931
158970,19.7619338301
159000,20.3805389381
159030,22.1091273437
159060,23.0399865857
159090,23.6350865944
159120,23.1177740464
159150,23.2849318651
159180,23.4855128876
159210,22.6982484177
159240,20.6795956307
159270,19.8145540728
159300,19.6185775791
159330,19.6760437024
159360,18.777929498
159390,17.1805765975
159420,17.7834580568
159450,17.369203478
159480,16.7574729569
159510,14.3518873481
159540,15.1624772972
159570,14.1170232118
159600,15.0856299783
159630,13.192195449
159660,13.4273309662
159690,11.9185295643
159720,11.750431045
159750,11.3449467808
159780,12.2380736359
159810,12.8556256202
159840,12.369817734
159870,10.4625140825
159900,10.4544563809
159930,9.53137235391
159960,9.03807914816
159990,9.52442030144
160020,9.39954081864
160050,9.53560539803
160080,10.1871191335
160110,10.9594981607
160140,12.0581172652
160170,11.7381204481
160200,13.3022860401
160230,12.0180707415
160260,12.5940826124
160290,16.2284238347
160320,17.3427897145
160350,18.9016690284
160380,20.9286277082
160410,20.3045357092
160440,20.6901129974
160470,22.0277788748
160500,24.1625178732
160530,24.2051312512
160560,25.2326733697
160590,25.0270291041
160620,25.7764703698
160650,22.322667012
160680,20.3983569786
160710,19.7601232431
160740,17.7272153474
160770,14.324325561
160800,14.7947998197
160830,13.5343390294
160860,12.235348048
160890,10.209491227
160920,11.5517132461
160950,10.7642245784
160980,10.6084629159
161010,8.2660329306
161040,8.83007831489
161070,8.31402496483
161100,11.2324508215
161130,9.13736363359
161160,7.69648858223
161190,8.41439244204
161220,7.15894571438
161250,5.73124686681
161280,7.12509602819
161310,8.9192671645
161340,7.95905680554
161370,8.57113865792
161400,7.48309117917
161430,8.17508720529
161460,8.39353180562
161490,8.0241234192
161520,7.20850763154
161550,10.1194313276
161580,10.8765520542
161610,12.4816110795
161640,13.6915998095
161670,15.6348676613
161700,15.6310351409
161730,16.2109571605
161760,18.0999292124
161790,18.3638516793
161820,19.099182455
161850,19.4156961915
161880,19.9827707158
161910,22.6852532073
161940,23.9954005302
161970,24.5356979586
162000,25.59732049
162030,24.6011990951
162060,23.2091481849
162090,23.4204547586
162120,23.368968603
162150,23.0299554855
162180,23.4604713857
162210,21.6542533121
162240,20.8612281833
162270,22.789670391
162300,22.8265776867
162330,21.4444829374
162360,21.087702021
162390,20.3500971433
162420,19.7770555392
162450,19.1743180333
162480,18.6434708089
162510,17.1459402204
162540,16.167300981
162570,16.2093289881
162600,16.4507611743
162630,17.3763860809
162660,14.7182073584
162690,14.9663227564
162720,12.4864878951
162750,13.5950860069
162780,13.612156198
162810,13.8161210554
162840,13.8480650432
162870,13.9510288436
162900,11.8913664001
162930,12.8375670874
162960,13.0315038704
162990,13.8227736463
163020,13.6050423389
163050,12.7669360655
163080,14.1433914696
163110,14.8692138568
163140,16.6875323012
163170,17.5859761005
163200,19.7324072169
163230,21.3306112175
163260,22.135751611
163290,23.1730367348
163320,24.3858308307
163350,23.8567581609
163380,25.5460009587
163410,26.1767154026
163440,26.1746710649
163470,27.5595237797
163500,27.7355329001
163530,26.6188910437
163560,27.0534455364
163590,25.8437953958
163620,25.7588221946
163650,25.4345212842
163680,24.5698852197
163710,22.9104382674
163740,22.0269296832
163770,19.4116949607
163800,18.7025688606
163830,19.4936914542
163860,18.7599094476
163890,16.5169751832
163920,16.5598522304
163950,16.5116253142
163980,15.732073852
164010,15.5720784617
164040,14.9384902407
164070,15.8409063575
164100,16.6830655237
164130,15.4173345509
164160,14.5183339412
164190,14.4198423232
164220,14.2874101518
164250,13.2228270476
164280,13.7640652878
164310,12.6653475124
164340,12.128581071
164370,13.0812635388
164400,14.0546501852
164430,14.1818982413
164460,14.1855417317
164490,16.1608573968
164520,16.2859518932
164550,18.4048112214
164580,18.994574597
164610,20.5093764487
164640,21.2342014992
164670,22.5933138873
164700,23.8924502372
164730,25.319870143
164760,26.080602718
164790,26.4027360273
164820,25.779723963
164850,26.872219322
164880,26.3957793577
164910,26.1530305723
164940,26.6373711367
164970,27.6295867241
165000,27.1501104843
165030,26.9010664355
165060,25.7366318871
165090,23.3243348057
165120,23.1412394062
165150,22.1370448163
165180,22.2959023098
165210,19.7782290201
165240,20.2289104341
165270,17.1727670679
165300,17.1238836186
165330,17.1944833758
165360,17.5030879048
165390,13.3302022411
165420,12.821788356
165450,9.68425552199
165480,9.760225047
165510,10.143157921
165540,8.76192615516
165570,11.5301949221
165600,10.5832513617
165630,10.7744053483
165660,10.8871807735
165690,11.0381397354
165720,11.2958200196
165750,10.1782080229
165780,10.4233875921
165810,9.93483995206
165840,10.1371944773
165870,11.6953972173
165900,12.4786694721
165930,13.9172220079
165960,16.3804699279
165990,16.2667435808
166020,17.6333521528
166050,19.3090827774
166080,19.3705217958
166110,20.6644707847
166140,20.6774986545
166170,23.3405958517
166200,25.2433198707
166230,25.025272667
166260,24.3569386608
166290,26.2203442164
166320,28.1436817284
166350,28.5864853678
166380,28.3553296598
166410,26.4288798939
166440,26.1524716409
166470,26.2379727083
166500,26.3830213832
166530,24.7855011733
166560,24.2789820576
166590,23.0381342721
166620,23.9851105563
166650,23.253381345
166680,22.8374740566
166710,21.6762619463
166740,20.321386219
166770,19.5955070133
166800,18.6385839386
166830,17.9971167147
166860,17.7337687713
166890,16.2835174571
166920,15.3583444749
166950,15.8895057853
166980,16.2733265952
167010,15.6283108655
167040,15.6133333007
167070,13.6690696381
167100,13.8247219417
167130,13.0264835762
167160,13.2589865877
167190,11.1543367954
167220,11.5904451893
167250,11.3020737416
167280,12.1295967718
167310,13.3969150495
167340,12.8502924968
167370,14.1424127862
167400,13.9766872955
167430,15.5151445798
167460,16.7378446178
167490,16.2721495401
167520,17.488097548
167550,19.5944373595
167580,19.7946861733
167610,17.9696778457
167640,19.8879377306
167670,19.6437145218
167700,20.5396767047
167730,21.6183599176
167760,24.2028006523
167790,25.1990931728
167820,25.0057256599
167850,25.1965336466
167880,25.2752245795
167910,23.6711820033
167940,23.2459846711
167970,22.0767261224
168000,20.1088605953
168030,18.9549987939
168060,19.3085627638
168090,19.1509672029
168120,17.9035418914
168150,18.3899907899
168180,19.5226167182
168210,18.6314215044
168240,19.7163285799
168270,17.1831105926
168300,17.0612466882
168330,16.9654234009
168360,17.3424302587
168390,17.0685835493
168420,17.2678233762
168450,14.9138931922
168480,13.7276255044
168510,12.7419702975
168540,12.994353155
168570,12.8393833493
168600,13.9062998555
168630,13.0110834687
168660,13.1902045939
168690,10.2833121913
168720,9.00412237191
168750,10.0230498536
168780,12.0103983756
168810,13.0504358103
168840,13.4584795366
168870,13.649635878
168900,15.9386190973
168930,17.5305513667
168960,19.909546149
168990,20.1490248536
169020,23.640367818
169050,24.2568452504
169080,24.3529257027
169110,25.0452133195
169140,24.0534300562
169170,24.9886146275
169200,25.3379230161
169230,25.3030270235
169260,25.1590606316
169290,24.0863396644
169320,23.1611511686
169350,22.173255945
169380,21.4223067351
169410,21.2929194536
169440,21.5569010123
169470,21.3466680758
169500,20.9434007668
169530,20.7047421899
169560,18.8896963341
169590,17.6023040914
169620,19.500796841
169650,17.7538093396
169680,19.1014390743
169710,15.7802432659
169740,16.5379145828
169770,14.7533110318
169800,15.0611823778
169830,15.3249596781
169860,15.6961571553
169890,14.4589822653
169920,14.9796827455
169950,12.7175242423
169980,13.0183768503
170010,13.3018466358
170040,12.2154150783
170070,10.5926271577
170100,10.4246266389
170130,9.78819066506
170160,9.12066761046
170190,10.7666231355
170220,12.0378137793
170250,12.903956773
170280,13.9310497243
170310,13.9558058436
170340,17.483500068
170370,17.755713356
170400,17.8775643393
170430,20.6006994307
170460,22.1047399002
170490,22.2502569297
170520,23.9333212978
170550,23.254923521
170580,24.4338434284
170610,24.3874100125
170640,26.1115787834
170670,25.7582176548
170700,27.4827622387
170730,26.9128982264
170760,25.8647548119
170790,27.065460671
170820,25.4426444417
170850,24.8665279313
170880,24.2838766836
170910,24.0409343486
170940,24.1999195503
170970,22.7894842517
171000,23.1105879211
171030,22.8518130174
171060,20.6077327517
171090,18.9597853718
171120,19.6109499831
171150,18.5949112492
171180,18.7637531228
171210,18.4578260623
171240,18.694251226
171270,17.713055301
171300,16.1745684653
171330,15.2160919588
171360,14.1871753269
171390,11.8174173499
171420,12.0404273896
171450,11.4847958918
171480,10.1992786316
171510,9.8897130015
171540,10.5079272352
171570,9.65413280421
171600,10.6685540278
171630,9.8914403572
171660,13.1959706768
171690,12.9137441628
171720,14.0204151443
171750,15.3812844763
171780,16.7629869137
171810,18.6416018386
171840,21.1995996401
171870,22.4540237351
171900,24.4995442507
171930,25.8256774644
171960,27.126068685
171990,28.2588090949
172020,27.6780674857
172050,28.8222949904
172080,29.8447449478
172110,30.097009994
172140,30.5472021688
172170,30.5132762601
172200,30.5825191712
172230,30.0820109807
172260,27.7455591056
172290,27.2219680242
172320,26.4566343713
172350,24.619911353
172380,23.7831968127
172410,22.1082042445
172440,21.6189096728
172470,20.6511327117
172500,19.3769701157
172530,18.5259187106
172560,18.2019732121
172590,15.6297371523
172620,16.4207894438
172650,14.7600512455
172680,14.9491977038
172710,12.5109433118
172740,13.2986005893
172770,14.8095013911
172800,13.3530221036
172830,10.993695123
172860,11.236910103
172890,10.5076962763
172920,11.0035191271
172950,10.494483715
172980,10.4854952592
173010,10.0746801354
173040,11.1420506867
173070,11.9263645979
173100,12.7119785976
173130,13.8386149063
173160,13.5787027064
173190,15.7638657655
173220,16.0046825051
173250,16.9154743088
173280,18.3379483178
173310,19.2632842871
173340,21.4405163829
173370,23.4654681728
173400,25.0996498149
173430,24.8888748521
173460,26.531505542
173490,25.6326900024
173520,24.749392778
173550,26.7795527321
173580,27.2437882485
173610,27.3933029796
173640,25.8528215609
173670,24.245203513
173700,25.1703161001
173730,24.8610546478
173760,25.9066149943
173790,25.3553604046
173820,24.6698005626
173850,23.714428129
173880,23.0934542485
173910,20.9076764034
173940,20.9335309274
173970,19.6616208479
174000,18.6122983389
174030,18.4621701272
174060,16.8776844083
174090,17.7335541182
174120,17.6757385813
174150,17.4448136473
174180,17.3471518426
174210,17.2178842109
174240,16.3910792804
174270,15.6881823971
174300,15.6717357707
174330,14.7177672712
174360,12.8539463028
174390,14.08837424
174420,13.6621182394
174450,13.4503309779
174480,13.8928964157
174510,16.186404874
174540,16.3571379944
174570,18.019011734
174600,17.7879280971
174630,18.9988814329
174660,20.0913631963
174690,21.0612783052
174720,21.4838814893
174750,22.7115379137
174780,24.5976607711
174810,25.1985351762
174840,26.1567300103
174870,27.312747367
174900,28.3570482576
174930,29.3910943424
174960,29.3991568194
174990,29.5583235109
175020,28.7352450302
175050,28.8601203751
175080,28.0527251524
175110,26.7915353789
175140,27.7520961903
175170,26.7085891704
175200,26.1212351902
175230,24.5251857282
175260,24.1666437207
175290,23.3699569912
175320,22.1461139751
175350,20.3683069548
175380,21.2274294036
175410,18.79781751
175440,18.8297463703
175470,18.9391664445
175500,17.6368780837
175530,16.2436364857
175560,16.3544140473
175590,17.0897276076
175620,15.9401909365
175650,16.1364115706
175680,16.2045916856
175710,15.0404536078
175740,13.9136036881
175770,12.8604870109
175800,13.7386657642
175830,11.9117847141
175860,12.8791657603
175890,12.4682358225
175920,12.6780159478
175950,11.8807017464
175980,12.4886169559
176010,10.0277036796
176040,10.264981487
176070,10.1395058598
176100,12.0651003493
176130,16.78201244
176160,17.9566594902
176190,19.1211672375
176220,20.9698264788
176250,19.1766239543
176280,20.3977245227
176310,20.9540017632
176340,22.714673626
176370,22.2981008259
176400,24.1156119124
176430,23.9731200182
176460,23.8054232033
176490,21.8281273555
176520,22.2074290523
176550,22.7378437642
176580,21.3011604582
176610,23.0261052204
176640,21.0948782733
176670,21.0870313824
176700,20.6555078869
176730,19.5584277037
176760,20.0391704788
176790,17.1931254874
176820,19.5533355129
176850,18.9373860116
176880,19.3076768106
176910,19.7650130561
176940,18.8459719242
176970,18.1478810618
177000,17.0632874222
177030,16.4152494899
177060,13.7033623557
177090,14.1803914396
177120,13.0398127245
177150,13.1427148184
177180,13.2594834273
177210,12.2999973527
177240,13.5484715679
177270,11.3578445911
177300,12.0765307421
177330,10.482070371
177360,12.9233192254
177390,10.6321125015
177420,12.4582201343
177450,11.3103466126
177480,13.4580673489
177510,15.0181326145
177540,15.9151003407
177570,16.9612949582
177600,17.1004607712
177630,18.2674275904
177660,19.5776261399
177690,21.3469520679
177720,22.4546144949
177750,23.0427896095
177780,25.1835102137
177810,24.1431077041
177840,25.6847913941
177870,24.5925594552
177900,24.8846882292
177930,23.8688383029
177960,24.2494027047
177990,23.3699080188
178020,23.0599904037
178050,21.9009374533
178080,21.9156281632
178110,20.7218457452
178140,20.4940529656
178170,19.0131845387
178200,18.2680276814
178230,17.9318828489
178260,16.6266322007
178290,15.4612098703
178320,14.0910221522
178350,13.1692606157
178380,13.462639851
178410,11.4122301663
178440,10.7257372169
178470,11.2174381749
178500,10.1164441332
178530,9.23245780742
178560,8.3391123279
178590,8.19988688942
178620,8.08494061422
178650,7.55320715753
178680,8.23280512483
178710,7.87194556469
178740,8.92394630773
178770,11.2272520628
178800,13.0470935222
178830,14.2226889039
178860,14.8491768391
178890,16.5407635446
178920,17.4139711656
178950,18.9915504484
178980,21.3668829833
179010,19.4332524855
179040,21.7549910629
179070,23.0063087128
179100,23.836679729
179130,25.3040905712
179160,25.9132906591
179190,26.9628696667
179220,27.8853620265
179250,27.7862086975
179280,26.9230618307
179310,27.2885120626
179340,26.8620855713
179370,25.0390840984
179400,24.0236372397
179430,22.5737811155
179460,21.9324110713
179490,21.5822207849
179520,20.6126087391
179550,19.9257537723
179580,21.0865549952
179610,18.5733704537
179640,18.5334092054
179670,17.1096590513
179700,15.1809141117
179730,14.4169676187
179760,14.0890567213
179790,13.3570258083
179820,13.0163898883
179850,12.3768150039
179880,14.4009450615
179910,14.8077202066
179940,15.5545489321
179970,14.7923543886
180000,14.4937748642
180030,13.1955290762
180060,13.0099497333
180090,12.1584675067
180120,11.5519615196
180150,11.7324593949
180180,11.0014163794
180210,9.8106461191
180240,9.53009262061
180270,10.0430448994
180300,10.7746677227
180330,11.0519882835
180360,12.2855177518
180390,13.4032696962
180420,13.8511381667
180450,14.9747619684
180480,16.8907483759
180510,18.3286109766
180540,20.24912751
180570,21.2066653706
180600,21.8291784185
180630,22.139436059
180660,22.7005548233
180690,24.3311694161
180720,23.6664188895
180750,24.3990645858
180780,24.6972042661
180810,23.7374493159
180840,23.2863516885
180870,23.2871908568
180900,22.347975385
180930,20.7566220179
180960,19.4512653306
180990,18.1429858156
181020,17.8021180539
181050,17.3138902217
181080,16.3555771777
181110,15.2765550802
181140,14.7042418486
181170,13.8476912877
181200,13.1283824199
181230,13.41804052
181260,12.457651938
181290,12.3512772048
181320,11.1039801697
181350,10.6826490336
181380,10.253882653
181410,9.49111127227
181440,8.74069120462
181470,8.2714177456
181500,7.56488572565
181530,6.49063567353
181560,6.65688135101
181590,5.65836209238
181620,6.34078597083
181650,6.22600517232
181680,7.50033416934
181710,8.78882275303
181740,9.76389711225
181770,10.7458187192
181800,12.0232053669
181830,14.1339526741
181860,14.2767994736
181890,15.9694355267
181920,17.3534892599
181950,18.5829144745
181980,19.3257101193
182010,20.9196163982
182040,21.4145658085
182070,22.511158633
182100,23.4487521942
182130,24.1571873499
182160,25.6157154865
182190,27.3291069883
182220,28.4860299904
182250,30.2542092863
182280,31.1628073406
182310,32.1574418137
182340,32.6394300566
182370,33.7129311845
182400,31.0759901241
182430,31.6694146657
182460,27.8014232937
182490,28.0877901198
182520,23.7541387942
182550,23.2229921447
182580,21.4795024402
182610,20.8299870726
182640,19.5666057959
182670,19.8469984987
182700,19.8818994559
182730,18.9708082715
182760,17.8266180475
182790,16.3650192519
182820,14.2095627939
182850,12.6667394355
182880,11.4253807971
182910,10.3412366288
182940,11.7906805874
182970,12.2041789079
183000,13.4149812313
183030,14.3805787925
183060,12.9968198549
183090,15.1907652224
183120,17.3619812251
183150,18.3206608853
183180,18.7025521577
183210,20.2301514964
183240,22.9003743617
183270,24.8960892229
183300,25.8712629878
183330,27.062027446
183360,26.7671175154
183390,28.3105949708
183420,29.0050802417
183450,29.2371377866
183480,31.6386078508
183510,30.5456250051
183540,29.0089217807
183570,28.3631902289
183600,29.8435076074
183630,29.1684681953
183660,27.752488427
183690,28.9433613855
183720,28.5693416677
183750,29.0303085801
183780,27.9541687222
183810,28.4335725673
183840,26.1737032562
183870,24.1099853155
183900,23.3159803845
183930,22.3514461194
183960,20.1537233859
183990,19.96781986
184020,17.5062929525
184050,17.1881133347
184080,16.3913337094
184110,16.1199711922
184140,17.0502681655
184170,14.3024220517
184200,14.5786689412
184230,12.1122853977
184260,12.2970646604
184290,11.6573651766
184320,13.4507106764
184350,15.6895883711
184380,16.8972288316
184410,16.1915887875
184440,17.7567617694
184470,18.2559559372
184500,16.6610683714
184530,15.2087950606
184560,14.3021005621
184590,11.2165278376
184620,12.3293015162
184650,12.2024119881
184680,14.1079708118
184710,15.4580709625
184740,15.9431689894
184770,18.8057086595
184800,20.6645947314
184830,20.2173950727
184860,22.602241538
184890,23.2409092298
184920,22.6440209794
184950,24.8528144332
184980,25.6242794493
185010,24.9181441082
185040,25.7488570812
185070,25.319132337
185100,24.9300913134
185130,24.7395315492
185160,24.6226921212
185190,26.2901755311
185220,26.9595981099
185250,26.7809580218
185280,25.0191579613
185310,25.8915455485
185340,21.8879029176
185370,20.8074728944
185400,21.4474202363
185430,17.7994270866
185460,18.8066067013
185490,17.3554109612
185520,15.3236220566
185550,14.9447493903
185580,13.6715245084
185610,12.8998814684
185640,11.9738900736
185670,10.4744492449
185700,9.97893637384
185730,8.86865410084
185760,8.28985271391
185790,7.80107454589
185820,7.91667952614
185850,7.72905575839
185880,7.43880835086
185910,9.03820883532
185940,8.25661051348
185970,8.55637648074
186000,8.84640315471
186030,10.3148848224
186060,10.6841383445
186090,11.4830254582
186120,12.9708164002
186150,13.7165355613
186180,15.3714407508
186210,16.2878669569
186240,17.1271204855
186270,19.789622211
186300,21.3671974027
186330,22.052122187
186360,23.5121866516
186390,24.4752038227
186420,26.3809654715
186450,29.5849212998
186480,27.9020120085
186510,28.4751800712
186540,28.8374353689
186570,26.2706679542
186600,25.8772793245
186630,25.6002490657
186660,27.2637422773
186690,25.2246114998
186720,25.1707508265
186750,22.6646199058
186780,21.390880763
186810,21.1871388987
186840,19.2963118261
186870,18.4028272563
186900,17.8792039483
186930,17.0264870706
186960,16.714814543
186990,17.0475959053
187020,16.3271444833
187050,17.1318580251
187080,13.6630957322
187110,16.1836278643
187140,13.7374616805
187170,13.7330078925
187200,12.5525723259
187230,10.0797825496
187260,10.2872681997
187290,9.53860254131
187320,9.61015874763
187350,10.5136888193
187380,9.42632932873
187410,9.09865708609
187440,8.90033227314
187470,9.54816837618
187500,10.6229427181
187530,11.7385603189
187560,12.7101472117
187590,13.6346652657
187620,14.471840851
187650,15.7803656127
187680,17.5186382034
187710,19.0912996618
187740,19.4261889051
187770,20.4878055502
187800,20.8556987036
187830,22.0978658188
187860,22.8623869602
187890,23.2957434678
187920,23.5024527243
187950,24.0027825122
187980,25.0000590859
188010,24.9214281631
188040,24.3208949633
188070,24.1698536618
188100,24.0232202492
188130,24.2997792098
188160,22.9897063927
188190,22.5057792564
188220,20.9580925745
188250,21.2000689944
188280,21.9202149588
188310,18.8823719045
188340,17.8653116189
188370,17.3406353386
188400,17.9520260486
188430,15.094181278
188460,17.0922735037
188490,16.9452805931
188520,17.7748917164
188550,16.4085876428
188580,16.6013780128
188610,15.5997359001
188640,15.9477273012
188670,16.2152899935
188700,16.8015673748
188730,16.0370904779
188760,16.062627431
188790,16.3930956561
188820,14.9321366202
188850,15.3237852361
188880,14.3272295781
188910,15.4454993519
188940,16.1428503387
188970,16.7765149042
189000,17.1350830149
189030,16.9634263869
189060,19.5336847285
189090,19.1673016656
189120,21.2645541851
189150,21.2858842247
189180,22.961103962
189210,24.6148682296
189240,24.501793034
189270,24.3156983794
189300,24.0074262657
189330,24.714389489
189360,25.3491587009
189390,26.046468256
189420,26.1120906773
189450,26.2545851652
189480,26.7966918144
189510,24.8309805543
189540,24.7860262005
189570,23.8738759464
189600,23.9315540434
189630,25.6159582605
189660,23.5992145656
189690,24.3268684948
189720,22.7097179918
189750,21.231891277
189780,23.5123226778
189810,22.5816851655
189840,21.8023883605
189870,22.2894314358
189900,21.9442734735
189930,19.6032246463
189960,18.1916388051
189990,15.5340423232
190020,14.4893117386
190050,14.9033206595
190080,12.3877044982
190110,11.0536330789
190140,11.2387872046
190170,11.0965027284
190200,10.6133771554
190230,11.2144557314
190260,12.1138129406
190290,14.1208773458
190320,15.8586547174
190350,18.0570321611
190380,19.6567575633
190410,19.3514755485
190440,19.8785566113
190470,20.9548113546
190500,20.2934483081
190530,20.3787761261
190560,23.043186468
190590,25.169618915
190620,25.9200891124
190650,27.855600308
190680,28.6865587558
190710,28.8691746363
190740,29.3729469433
190770,29.4404673066
190800,30.6736983694
190830,30.721230109
190860,30.9182614029
190890,29.6358672278
190920,30.843624213
190950,29.5452302561
190980,29.4759294566
191010,29.5851951837
191040,26.6254038679
191070,26.9050013872
191100,25.8103175585
191130,26.0208074094
191160,25.3069805721
191190,23.2489296777
191220,24.0429482144
191250,22.8063310011
191280,22.7885810113
191310,19.5904436527
191340,19.6151183251
191370,17.8278099556
191400,18.015516859
191430,17.3083589994
191460,16.7311320629
191490,15.6057240711
191520,14.4671569717
191550,15.8497804863
191580,13.4590681355
191610,12.2078104835
191640,12.5836738349
191670,12.9561670114
191700,14.6029607035
191730,15.0605086457
191760,15.4981106116
191790,14.3407472419
191820,15.3901780986
191850,14.6154069845
191880,15.2893981317
191910,15.0580686281
191940,16.2259230976
191970,17.1908023896
192000,19.0492047084
192030,19.9231154185
192060,22.70113681
192090,23.0341640996
192120,24.6985479369
192150,28.5661956075
192180,29.0189263691
192210,27.8045703358
192240,28.1705165015
192270,26.4390448141
192300,26.1283909242
192330,25.574436447
192360,24.772934849
192390,23.9511839673
192420,22.5880595705
192450,21.785277788
192480,21.2578815795
192510,19.9884537774
192540,19.6452723996
192570,18.4794813409
192600,17.8815986039
192630,17.0132965054
192660,16.9891754404
192690,17.1799165131
192720,16.5239374861
192750,15.6986292405
192780,15.1440703418
192810,13.6465639111
192840,13.8339873385
192870,12.7912334875
192900,11.9706571959
192930,11.8504678284
192960,11.6051248669
192990,12.1908899754
193020,13.16377222
193050,11.7020636732
193080,10.5473054047
193110,12.0685376527
193140,13.9729476481
193170,12.9887762515
193200,12.4355370348
193230,13.0461470534
193260,13.2785458044
193290,15.3411870609
193320,17.4754129176
193350,17.4979453944
193380,20.314605511
193410,21.3863304577
193440,24.5658990948
193470,24.3131391623
193500,25.7328884725
193530,27.1413071598
193560,28.5567834959
193590,28.2965543662
193620,29.0960882655
193650,30.1225122149
193680,29.2212133144
193710,30.5595024144
193740,31.1707046983
193770,31.6476911689
193800,31.0560325044
193830,30.1739765197
193860,30.4063749066
193890,28.6852753476
193920,27.6926714668
193950,24.2998951083
193980,21.7968917227
194010,21.1040710818
194040,20.0217147504
194070,18.8637134089
194100,17.3932780988
194130,17.0010847235
194160,15.4546788592
194190,16.5856050526
194220,15.2911114466
194250,15.763049622
194280,14.100387146
194310,14.4937046726
194340,14.3060381455
194370,15.2136965076
194400,15.9615711517
194430,16.0553509006
194460,14.3415580495
194490,14.8645897652
194520,14.2758351589
194550,13.8903640943
194580,14.3602162872
194610,14.0276260615
194640,14.8561679376
194670,16.804814325
194700,18.0713290832
194730,15.1179835865
194760,18.3668736688
194790,19.1726352313
194820,21.2392266127
194850,21.8811340896
194880,21.6605150415
194910,22.1989355471
194940,26.1098464308
194970,24.5673945424
195000,26.1969288271
195030,26.1063466683
195060,30.568654723
195090,27.785995475
195120,32.3225842887
195150,31.7476841162
195180,31.8034050657
195210,31.9634075262
195240,33.2166346664
195270,33.2902725077
195300,35.0113506231
195330,32.6979139023
195360,32.3617965955
195390,32.1662483139
195420,33.4205400847
195450,32.7860888254
195480,31.8424451888
195510,31.0131609183
195540,30.4202148143
195570,29.4584168672
195600,29.1818243134
195630,27.5024250503
195660,27.6293490188
195690,26.293052901
195720,25.5078317302
195750,24.1530012061
195780,24.3970916201
195810,22.910937451
195840,22.5089946569
195870,20.2476298334
195900,20.9565059885
195930,18.9240234111
195960,21.3333960205
195990,18.3694464334
196020,19.3194320652
196050,17.8939387216
196080,18.2452023589
196110,19.2361597399
196140,19.829184516
196170,20.9404182977
196200,23.0369978729
196230,27.1982113022
196260,28.9254337511
196290,30.6583459186
196320,31.7735652799
196350,32.7976411109
196380,34.0619571795
196410,34.5223129422
196440,33.8096435999
196470,33.8681278575
196500,36.2551540344
196530,37.4572550093
196560,38.9512188694
196590,38.6894451276
196620,39.2843814034
196650,38.8572003611
196680,38.3034384627
196710,37.7184347014
196740,36.8357311284
196770,35.4083489594
196800,35.5155840559
196830,34.0411882684
196860,33.7307833042
196890,31.31475342
196920,31.6725342882
196950,27.3751884252
196980,27.1930795652
197010,23.5290800858
197040,22.1370847525
197070,20.1198159641
197100,17.1046133727
197130,15.9872304117
197160,14.8649030732
197190,13.7615137683
197220,12.7743742522
197250,11.8063570155
197280,11.5393766295
197310,10.7646438978
197340,11.5453102652
197370,10.2714571107
197400,11.5405230095
197430,10.4697165312
197460,11.3473430481
197490,11.2491023714
197520,11.8528225931
197550,12.8702629767
197580,13.2447242604
197610,13.8649186584
197640,16.4709842349
197670,20.0994133813
197700,23.4043335782
197730,24.0151136646
197760,26.2966122437
197790,27.1878470888
197820,29.6008739122
197850,31.8006125259
197880,32.9646197135
197910,33.758130194
197940,35.6658808817
197970,38.358668164
198000,38.8475380234
198030,38.7703732125
198060,39.4269509086
198090,38.5524955961
198120,37.7079088053
198150,35.976776099
198180,36.968906427
198210,36.1831240378
198240,34.7804369893
198270,33.127279173
198300,33.8038062758
198330,32.378860164
198360,32.7396535506
198390,30.6846106749
198420,29.7012085223
198450,29.5291934961
198480,28.0769025619
198510,25.2227719344
198540,22.5678432666
198570,20.4087911984
198600,18.8626872505
198630,17.2435425051
198660,18.7925571077
198690,17.0502499535
198720,17.7356080723
198750,16.5010972863
198780,18.0071526663
198810,15.2877868636
198840,15.7027500362
198870,14.2965824302
198900,14.5895819956
198930,12.667450091
198960,16.0126222136
198990,14.3409022468
199020,17.6505803157
199050,15.6198161437
199080,19.4161255982
199110,18.1288004059
199140,22.3187833246
199170,21.0899490705
199200,20.6805365814
199230,22.1200242304
199260,22.9905213916
199290,22.7996293918
199320,24.3596044276
199350,24.1990928527
199380,25.1333599923
199410,26.1513628825
199440,26.7380629414
199470,25.9187091103
199500,26.0124158457
199530,25.3293264991
199560,26.0683519512
199590,25.5087112404
199620,25.5389798422
199650,24.6323641642
199680,24.8905078774
199710,23.137771959
199740,22.668017118
199770,21.2196761223
199800,22.4892608267
199830,19.6241459431
199860,20.5029652793
199890,18.4830557304
199920,18.6731273479
199950,18.2640335649
199980,18.7704645943
200010,15.6803500557
200040,15.9645454402
200070,14.9589837515
200100,16.3180781291
200130,16.6989539563
200160,16.6799992493
200190,16.1897337695
200220,16.4689107372
200250,15.3116190654
200280,15.7479091754
200310,15.5022799538
200340,16.5928874796
200370,16.5970650466
200400,17.4600822124
200430,17.445024881
200460,18.5768921862
200490,17.5583678394
200520,20.3524046283
200550,19.2194948846
200580,19.5313586467
200610,23.271133024
200640,22.3599235124
200670,22.3036232575
200700,24.1783414757
200730,24.2100172057
200760,26.5061937758
200790,27.4756599333
200820,31.2598137436
200850,30.796205164
200880,29.3910345378
200910,29.8127957275
200940,28.7772427139
200970,28.2703042487
201000,31.3519148263
201030,31.9099716398
201060,31.0600195085
201090,30.0322434975
201120,30.8700028829
201150,28.9064499471
201180,29.0210229145
201210,30.6379776874
201240,29.1258525274
201270,28.8084157677
201300,27.5744060896
201330,24.3703207077
201360,23.9037946583
201390,21.7112257077
201420,21.1508596667
201450,20.9200907085
201480,20.2257497349
201510,18.9194158979
201540,20.0548404162
201570,21.1496241711
201600,21.5228844092
201630,22.9081895011
201660,21.8959543345
201690,19.9436557907
201720,21.6121483946
201750,20.2885485366
201780,19.918117342
201810,19.2881973275
201840,18.8430351939
201870,19.5988500423
201900,19.4473571588
201930,21.5217741952
201960,22.86676468
201990,22.3088881769
202020,23.5707540168
202050,23.8255780595
202080,25.186744705
202110,25.9652483059
202140,26.9252858227
202170,28.5442967152
202200,30.4119604798
202230,30.0822249374
202260,30.4402051783
202290,30.44457469
202320,31.7834163054
202350,32.9029420833
202380,31.7176883141
202410,32.9182662336
202440,32.4141357289
202470,31.6663345596
202500,31.8641133961
202530,29.4258282811
202560,27.4071059675
202590,24.9695768082
202620,25.3403942327
202650,23.4461051457
202680,22.3445182012
202710,20.8601736337
202740,20.5207187305
202770,19.2390779996
202800,18.3238128595
202830,16.6631802353
202860,15.7530741996
202890,16.003027919
202920,13.8431363287
202950,14.1411499092
202980,13.5067877535
203010,12.9312257136
203040,14.1359258911
203070,13.3987499324
203100,14.5275229205
203130,12.985203518
203160,12.6444257044
203190,11.8993023045
203220,11.7060721362
203250,11.8451330386
203280,12.2725794765
203310,12.5500893814
203340,14.3615893397
203370,14.2732626104
203400,15.5332767661
203430,16.7160065271
203460,17.7470572665
203490,20.2506357588
203520,24.1753874115
203550,24.4200892424
203580,24.2420591912
203610,24.1966046158
203640,24.8396613653
203670,25.4193048105
203700,26.4737658502
203730,26.6790519239
203760,27.5234289913
203790,27.3842049776
203820,27.7550341853
203850,26.6898321709
203880,26.64636286
203910,25.8711842568
203940,25.6972222581
203970,23.8067042328
204000,23.1370045818
204030,22.6676492432
204060,23.1233567133
204090,21.9469281495
204120,22.757049922
204150,20.5467498807
204180,20.3895088582
204210,18.9862741288
204240,19.178303369
204270,18.5529047947
204300,18.822605766
204330,16.6487931292
204360,16.2194062709
204390,15.5712427575
204420,16.8363801813
204450,15.3540615501
204480,16.2688779325
204510,13.2425988845
204540,14.3214529776
204570,11.7922398914
204600,12.4607568082
204630,11.55145898
204660,12.4573516507
204690,15.4388118525
204720,15.841351574
204750,18.0072317844
204780,19.5139504554
204810,19.5500939181
204840,18.499372519
204870,21.1307032601
204900,21.5121407846
204930,21.8026306043
204960,22.7282098996
204990,24.0470875393
205020,25.058940533
205050,25.2392946832
205080,26.0392263673
205110,26.8756386358
205140,28.7260774189
205170,27.8674762738
205200,28.5498093217
205230,28.0072293012
205260,28.772697025
205290,27.8335611574
205320,26.8134041035
205350,25.8676282974
205380,25.2432573411
205410,24.1850796935
205440,23.9980169873
205470,23.0867724662
205500,22.8088475589
205530,22.1461636113
205560,21.1848707363
205590,21.1639044488
205620,22.4139158475
205650,22.3416511007
205680,23.4215382996
205710,21.6149078383
205740,22.2744782999
205770,20.1560841129
205800,21.1421527876
205830,16.0853433725
205860,19.2751264206
205890,17.8386555712
205920,18.4102395014
205950,16.6989658859
205980,17.0054882997
206010,15.5492907632
206040,16.5512871805
206070,16.4850179657
206100,19.2528515154
206130,18.2683615633
206160,20.9597602597
206190,20.3126971637
206220,19.422632481
206250,19.9558805378
206280,21.7972875454
206310,22.6647400432
206340,26.0742806942
206370,26.3981871958
206400,27.7045946837
206430,28.4316254708
206460,31.2300149365
206490,31.0091693317
206520,32.8015564629
206550,34.1130845962
206580,36.2341004136
206610,36.5117675665
206640,38.8424289461
206670,38.8148973879
206700,39.0961732298
206730,35.7773048853
206760,34.0684366184
206790,33.5774397737
206820,33.2127886834
206850,29.0988931413
206880,29.6853407996
206910,28.5283718183
206940,28.3315160555
206970,25.8711837379
207000,22.8207211998
207030,21.1998712722
207060,20.2667567924
207090,19.216384437
207120,18.2161532112
207150,17.6816861386
207180,19.7275527336
207210,19.1980248591
207240,19.4780741139
207270,18.7810254159
207300,19.1742069695
207330,17.6116217382
207360,15.6804655792
207390,13.357699881
207420,13.1932006959
207450,12.4437560386
207480,12.1998585751
207510,12.8675901414
207540,15.266656454
207570,14.2266937207
207600,16.772464513
207630,17.6029259211
207660,19.7757684966
207690,21.0276304028
207720,23.8916051874
207750,22.7048829375
207780,25.5591335867
207810,25.6097808425
207840,29.4117862278
207870,27.9880773327
207900,29.9833034793
207930,30.5268685085
207960,29.6157003779
207990,29.5452418689
208020,31.2241513406
208050,31.5059857741
208080,31.4453079322
208110,31.078911813
208140,29.5114449155
208170,28.636467578
208200,28.2238590577
208230,27.4207065866
208260,28.4965699064
208290,29.0978343486
208320,28.0553503958
208350,27.7276823918
208380,27.6781196979
208410,24.0698890498
208440,26.2536493022
208470,25.0450392451
208500,24.4294454141
208530,24.1264435393
208560,24.4036924817
208590,22.7294604751
208620,23.6188938309
208650,21.5997264619
208680,20.2599258593
208710,19.6886611507
208740,19.5251060496
208770,18.5384398312
208800,17.4585487348
208830,15.3113782138
208860,17.4152737783
208890,14.3622843159
208920,16.8114009372
208950,14.6591042132
208980,16.4592410378
209010,17.2613014423
209040,19.511739189
209070,19.0502504388
209100,19.6178387995
209130,19.9055867516
209160,22.6881555991
209190,23.4276635436
209220,27.1808115175
209250,27.1282496608
209280,27.9900808451
209310,26.9946903069
209340,29.2793451503
209370,29.4593049193
209400,31.8750575978
209430,29.8264547515
209460,29.8402610402
209490,30.9370478848
209520,29.258711226
209550,28.9110058933
209580,29.5766341505
209610,29.1922787341
209640,28.562769955
209670,27.9563224969
209700,27.6017525474
209730,27.7570960745
209760,28.5250007985
209790,25.9459518592
209820,24.9119594928
209850,23.9976041399
209880,25.002294655
209910,23.4975214141
209940,23.3467620185
209970,23.0454345963
210000,20.2891975059
210030,21.0872616145
210060,18.1698234183
210090,16.9040981372
210120,16.3221662697
210150,16.0230570979
210180,15.9077468689
210210,13.8891917149
210240,14.201764899
210270,13.5293331828
210300,12.3352560237
210330,12.0612205961
210360,12.2505626608
210390,11.6549897047
210420,12.2719477436
210450,12.108242534
210480,12.8592561327
210510,13.5321182958
210540,14.5278383547
210570,14.9237950573
210600,15.6994627983
210630,16.3247658835
210660,17.0057496665
210690,18.3131630495
210720,19.5580976711
210750,20.295304341
210780,22.2289532605
210810,23.1278411786
210840,24.3406059206
210870,25.1048497295
210900,26.1789004769
210930,27.4555930195
210960,27.801339697
210990,27.3724028465
211020,28.335546467
211050,27.9790751662
211080,30.2705830388
211110,28.6226206856
211140,27.7801244395
211170,25.3276622008
211200,24.911155444
211230,24.1575157945
211260,23.1408192938
211290,21.906257943
211320,21.5772769116
211350,20.5317665287
211380,20.6289582181
211410,19.2736014658
211440,18.8346894929
211470,18.0177682678
211500,16.0748039008
211530,15.5113058579
211560,15.4737644135
211590,14.4446536685
211620,14.5746674042
211650,14.4447279126
211680,14.473577078
211710,13.9964213889
211740,15.0163244339
211770,12.8135408373
211800,14.255246431
211830,12.6001539694
211860,14.6475624966
211890,13.0862036871
211920,14.5850409636
211950,15.2208047395
211980,19.0681555557
212010,20.8002716859
212040,22.3107115529
212070,23.0722405917
212100,24.2207229515
212130,26.2127598243
212160,27.9579898673
212190,30.1120244202
212220,31.8400497252
212250,30.3405366088
212280,33.7690092226
212310,33.7483979294
212340,38.0159968048
212370,36.6543233934
212400,34.6559584385
212430,37.2506133824
212460,39.7161295783
212490,38.7161300792
212520,39.6385816528
212550,39.2829543541
212580,38.8388484803
212610,34.6815186655
212640,37.2367088613
212670,34.8436062532
212700,34.6186338577
212730,32.7419797349
212760,33.1882435504
212790,30.7800870722
212820,31.3792103883
212850,28.8186993441
212880,28.3547598357
212910,27.1940812732
212940,26.1282618386
212970,23.7003486838
213000,20.9043540678
213030,20.1163631308
213060,20.9326758726
213090,15.7787873851
213120,17.7975664728
213150,15.8691008842
213180,17.6275754587
213210,15.8402183997
213240,14.4294314634
213270,14.9597820628
213300,16.3037402403
213330,16.1785073438
213360,18.004211101
213390,15.8380503484
213420,18.2318808709
213450,16.5805876988
213480,20.2339277368
213510,21.4805912432
213540,24.9909263302
213570,24.1743064902
213600,27.816078216
213630,28.1108711363
213660,30.2114215718
213690,29.9744049407
213720,32.6925261185
213750,32.6624855714
213780,33.7928873315
213810,31.6079023332
213840,30.5839606914
213870,28.8898668922
213900,29.4394886075
213930,29.5695483531
213960,31.2819232872
213990,29.8194809739
214020,28.7811164318
214050,27.4646743687
214080,26.7625598873
214110,24.7450521634
214140,24.2311605798
214170,22.5052532991
214200,21.8452849881
214230,21.2406794888
214260,21.0078800258
214290,19.2034679569
214320,19.3898235049
214350,17.6141542268
214380,17.2133873556
214410,16.8088673008
214440,17.4294739974
214470,17.7747057979
214500,21.1280277866
214530,20.2323115438
214560,20.0720071723
214590,18.8785709059
214620,17.9019014835
214650,17.6064732094
214680,17.8971018026
214710,15.8497558581
214740,16.7423600117
214770,18.1196923911
214800,21.9055399841
214830,19.5515769389
214860,22.406139292
214890,24.7369412883
214920,25.2547276949
214950,24.6059030706
214980,28.5367639001
215010,27.9257189605
215040,30.5134397083
215070,30.2532068785
215100,33.4244349534
215130,31.4388124906
215160,34.8120758543
215190,34.7148070759
215220,35.3505866577
215250,35.8007403973
215280,36.4448268088
215310,33.6919036573
215340,35.5508937171
215370,33.0618378076
215400,33.3589868805
215430,32.6911865457
215460,33.0172325874
215490,30.9946695152
215520,34.0091503269
215550,31.2257325805
215580,31.193916541
215610,28.1755307414
215640,28.2532610109
215670,23.9442309375
215700,25.4382837034
215730,21.2406509014
215760,22.776784897
215790,19.4469492283
215820,20.6082964275
215850,18.2178297132
215880,18.0040730477
215910,15.6336802441
215940,15.6364578552
215970,15.317790097
216000,13.9286298973
216030,13.1205759212
216060,12.7307424115
216090,12.2706859862
216120,12.6979223956
216150,13.2007687393
216180,14.9302395476
216210,14.2781555172
216240,18.1511806785
216270,15.9341102757
216300,16.7397720335
216330,17.3861442842
216360,19.005771742
216390,17.7526155411
216420,19.2762894424
216450,20.400357812
216480,21.3076829967
216510,23.4018024521
216540,25.5632271356
216570,26.0691607288
216600,30.2497186513
216630,30.6042440979
216660,32.4296774265
216690,29.3539799138
216720,33.6301457878
216750,33.1880331415
216780,35.0572783735
216810,33.1373970865
216840,32.2949246492
216870,29.1922459513
216900,30.3201749393
216930,27.2046889725
216960,28.8626819009
216990,26.3163024831
217020,26.390932063
217050,26.4218349832
217080,25.559441948
217110,22.9203483291
217140,25.3468551103
217170,21.5907084251
217200,23.7728660502
217230,21.8371162205
217260,21.2807356025
217290,18.1485701967
217320,20.067131805
217350,18.9160154517
217380,21.3366102181
217410,20.0375002355
217440,20.5494021942
217470,20.626267878
217500,20.3725378029
217530,18.1276459741
217560,19.1746199437
217590,16.4869831037
217620,19.0486141044
217650,15.087727398
217680,18.6125721998
217710,17.7835649826
217740,20.6895805315
217770,20.7086290382
217800,23.3994425365
217830,23.5130745436
217860,26.9869880037
217890,28.292930717
217920,32.4813185056
217950,32.2824639451
217980,35.329443657
218010,36.3252052774
218040,38.5232885208
218070,38.0692278675
218100,39.3171375992
218130,39.7526208592
218160,40.6142514306
218190,39.1101421705
218220,39.7979549107
218250,37.8349718261
218280,36.4659741945
218310,38.1220738211
218340,37.2165627384
218370,33.2509482511
218400,32.2925455919
218430,29.9615275101
218460,29.872497374
218490,26.2788053553
218520,24.7432274464
218550,22.7752689373
218580,24.9127911653
218610,22.943364875
218640,22.653443403
218670,21.1246934788
218700,22.7887078713
218730,20.4338259969
218760,22.7925013696
218790,21.5249143943
218820,23.3856552694
218850,20.6670870834
218880,20.7499348163
218910,18.8786700382
218940,19.7176379422
218970,18.6461509297
219000,19.8407397433
219030,19.1122208125
219060,19.0831107871
219090,18.4274833146
219120,21.3646177336
219150,21.0874524861
219180,21.8749373357
219210,22.6303930833
219240,24.559554484
219270,23.8155764495
219300,27.6433744136
219330,25.6394133422
219360,30.0542093455
219390,30.518934765
219420,34.9651092627
219450,33.5503147388
219480,37.9676940824
219510,36.2019237092
219540,37.9291960482
219570,36.8010144463
219600,38.6703927778
219630,34.812861578
219660,33.9369501548
219690,32.2240354103
219720,32.4555631484
219750,34.2834896183
219780,32.4827064015
219810,31.622403708
219840,32.3857146821
219870,30.2255394714
219900,29.3272506057
219930,27.2863585276
219960,24.9281533455
219990,23.0917263236
220020,24.7447214644
220050,24.597740767
220080,25.1338225434
220110,20.8690893064
220140,19.9212066068
220170,17.8397904362
220200,19.2961939305
220230,16.8017999404
220260,15.8188446579
220290,14.6064825663
220320,15.2192867609
220350,13.7176608041
220380,14.0118255158
220410,13.4488046134
220440,17.3048808316
220470,17.4324696202
220500,17.5806486505
220530,17.3407508805
220560,16.1483957594
220590,17.1771201426
220620,19.146170429
220650,18.2108900458
220680,18.8851725468
220710,21.7865038043
220740,24.3834728626
220770,25.9835025451
220800,26.0015392835
220830,28.6453618459
220860,30.0862760417
220890,30.6656825143
220920,31.8365956702
220950,32.274378396
220980,33.6581158467
221010,32.7996207705
221040,33.5649610301
221070,34.2268842878
221100,34.7747837792
221130,33.4522483536
221160,34.6853998929
221190,34.1321262343
221220,32.3396597537
221250,30.3325100774
221280,30.3410970619
221310,30.1775217805
221340,28.946242289
221370,29.0818389765
221400,28.2380324697
221430,27.4647416752
221460,26.1991872296
221490,26.3113226869
221520,25.7320500868
221550,24.5382889975
221580,22.8012477913
221610,22.3118212303
221640,21.4844996956
221670,21.6363127479
221700,21.7429594453
221730,20.763205424
221760,19.3139856809
221790,18.2454080726
221820,18.6004277138
221850,19.491815111
221880,18.7727106006
221910,19.6864121081
221940,20.372189617
221970,20.7558745988
222000,22.6103663357
222030,21.6225483215
222060,23.8621297588
222090,23.5309086781
222120,23.7882978767
222150,25.4878186086
222180,26.2891744206
222210,27.3632223003
222240,28.5967928836
222270,28.7301473626
222300,30.7959611625
222330,32.0453549777
222360,32.6488929936
222390,34.3871751492
222420,33.6778729521
222450,34.0111441601
222480,35.2157664199
222510,35.4242989473
222540,34.517398748
222570,34.9619257478
222600,34.1315866794
222630,34.4295178254
222660,33.6330790555
222690,33.2234621613
222720,31.3435693337
222750,29.1595430399
222780,29.5228900505
222810,29.2389509651
222840,27.8505670843
222870,26.6785488767
222900,24.5881066969
222930,24.7881357917
222960,24.7103388693
222990,23.6539798642
223020,23.4004507012
223050,21.8968129965
223080,20.6443488152
223110,18.9373567263
223140,18.5887511628
223170,16.9318595207
223200,15.8325222675
223230,14.2013449141
223260,14.8773675594
223290,14.2951124143
223320,15.4906215704
223350,16.3211623646
223380,16.3035755797
223410,18.3533907596
223440,16.8671237644
223470,18.4556888225
223500,21.4584085287
223530,22.5850909111
223560,24.1212952109
223590,25.7399526878
223620,26.9900585402
223650,28.7740508391
223680,30.0754794998
223710,30.8819839716
223740,31.865936649
223770,31.2262573132
223800,31.585466307
223830,33.7878165851
223860,33.7061516934
223890,34.7988591307
223920,35.1135280534
223950,35.0935476134
223980,35.760980908
224010,35.0839985377
224040,35.2970966134
224070,34.6769126167
224100,34.2725372296
224130,35.1038694278
224160,33.9536195857
224190,32.4311285417
224220,32.9467172197
224250,30.153680915
224280,29.9086001672
224310,27.5675626661
224340,25.3676041069
224370,23.2124728597
224400,22.3431074411
224430,22.5203480669
224460,20.1238468406
224490,21.8943652484
224520,21.5515411719
224550,21.3812628952
224580,19.8091880042
224610,19.4844918461
224640,19.5558831287
224670,20.288412049
224700,19.8541206561
224730,19.4188457604
224760,20.3147061831
224790,20.7501319284
224820,20.1667480225
224850,22.3943618619
224880,23.0772518597
224910,22.0582302538
224940,22.5507194723
224970,23.3660186996
225000,24.6153673202
225030,26.1779671795
225060,27.8684817799
225090,28.5156205525
225120,29.5879423362
225150,31.9478847611
225180,32.8367085762
225210,34.8155054394
225240,35.5382260342
225270,35.416656583
225300,35.5231241332
225330,36.6968960697
225360,36.370480597
225390,36.969319144
225420,36.1628155218
225450,37.2843983631
225480,35.8893077164
225510,34.906732854
225540,33.9997166627
225570,33.3008463019
225600,31.8500209799
225630,31.392098589
225660,31.2371984051
225690,29.1047324098
225720,26.4441126257
225750,25.3598114832
225780,27.3833249373
225810,27.0780249748
225840,25.1527980805
225870,23.3297725967
225900,23.5478897772
225930,22.2919254775
225960,21.4262143211
225990,21.4755456327
226020,21.9528397958
226050,20.1415805217
226080,19.2918215833
226110,20.9301628041
226140,19.155514028
226170,18.9273022251
226200,19.5916945336
226230,20.113879754
226260,20.1048932137
226290,20.2680844214
226320,20.7394284103
226350,22.0845825215
226380,22.43849057
226410,25.1210795624
226440,25.0714880149
226470,26.1118528489
226500,25.5343716491
226530,27.0486411901
226560,28.97794732
226590,27.7561623779
226620,31.1874376304
226650,32.8258715061
226680,33.5369704882
226710,34.7071195456
226740,34.8901976541
226770,34.5693601052
226800,34.0689238805
226830,35.1166980499
226860,36.1658364268
226890,35.6939090612
226920,35.4349724139
226950,35.0623399031
226980,33.7264567588
227010,32.7046860455
227040,32.1945424881
227070,31.6870991038
227100,30.7514069172
227130,29.4857002422
227160,29.8392987371
227190,28.7556556831
227220,29.5694464528
227250,28.703876602
227280,26.9254299451
227310,25.6924154397
227340,24.9152864205
227370,25.0147275026
227400,24.1166930778
227430,23.0569902704
227460,22.9730216798
227490,22.8779368704
227520,22.1655871717
227550,20.7665208139
227580,20.1714012187
227610,21.1253879704
227640,20.4934919837
227670,20.2273669904
227700,20.5007353228
227730,20.5930258042
227760,21.612518335
227790,21.8766047834
227820,23.139786286
227850,22.6754919239
227880,24.1584471596
227910,25.7732348086
227940,27.1958897164
227970,29.180124667
228000,31.1053396918
228030,34.231555564
228060,35.1655896764
228090,35.7874979668
228120,35.6023784812
228150,36.3940305683
228180,37.8471697468
228210,38.8028383243
228240,38.809530138
228270,38.6632261057
228300,37.2070353289
228330,36.5377870926
228360,36.2519067926
228390,35.5072113493
228420,35.5380043203
228450,34.7189725296
228480,34.5502520927
228510,32.4901595815
228540,31.4962552587
228570,30.776015037
228600,30.8398263337
228630,29.9944886758
228660,29.3561021823
228690,28.9889886366
228720,27.2209554338
228750,26.6410551809
228780,24.8402665314
228810,23.0125832341
228840,20.73544048
228870,20.2806792741
228900,19.7270751695
228930,20.3401995673
228960,20.3029143863
228990,20.2453786468
229020,19.6523602628
229050,19.5245332131
229080,19.2246329143
229110,19.0303033558
229140,19.6180011163
229170,18.9842285969
229200,19.2763882813
229230,21.5126901646
229260,23.1188334226
229290,23.6776779755
229320,24.9024394516
229350,26.1350981472
229380,28.097777209
229410,30.26689716
229440,32.4583100457
229470,33.3350987296
229500,32.3049883272
229530,34.3472076897
229560,34.1721300424
229590,34.5143201097
229620,35.4429472763
229650,35.8358605721
229680,36.2565960229
229710,36.886458917
229740,36.7400028
229770,37.3869003661
229800,36.7004254176
229830,34.5265023258
229860,34.3705832119
229890,34.3575314064
229920,32.9417996762
229950,31.9372897884
229980,28.7921951135
230010,28.4399409831
230040,28.5338202432
230070,27.0415134551
230100,25.1102949778
230130,24.4930118768
230160,23.1069671926
230190,23.9652272084
230220,23.3530410444
230250,24.1327716565
230280,22.6081745916
230310,22.1040698254
230340,20.3022733931
230370,19.3991704292
230400,18.8044415913
230430,19.3118610479
230460,19.6280515995
230490,19.8325722572
230520,19.7772348349
230550,20.0746767775
230580,19.4710498432
230610,21.2107602544
230640,22.791142004
230670,22.546213005
230700,23.1429597777
230730,22.8028581118
230760,25.3122845151
230790,25.9147969267
230820,27.1297732042
230850,29.253674182
230880,30.4409129341
230910,30.1725149526
230940,31.0272721345
230970,31.2395128058
231000,32.5665790414
231030,34.5254507323
231060,35.7194149001
231090,36.8658278946
231120,36.63227567
231150,36.2199310514
231180,35.8809812065
231210,35.4734045933
231240,36.0343995074
231270,35.6258597852
231300,35.5749797147
231330,34.0489173104
231360,32.0935860873
231390,31.4672958217
231420,30.7791798504
231450,29.7191701917
231480,28.9797355629
231510,28.9173755055
231540,27.980506983
231570,26.4422327397
231600,26.0525537175
231630,25.3559625109
231660,24.6240823818
231690,23.7452993601
231720,25.1325338619
231750,24.2494124319
231780,22.6851652042
231810,21.1804876936
231840,19.9418651468
231870,19.7488718106
231900,18.4282778096
231930,17.8002528236
231960,18.3640182983
231990,18.5435910229
232020,19.7786061536
232050,21.2067018761
232080,20.417794138
232110,20.6528272754
232140,21.5420176043
232170,20.600242889
232200,21.2149193993
232230,24.057481542
232260,23.840453729
232290,25.9502926947
232320,26.5366597025
232350,27.3597246932
232380,31.0446318005
232410,31.2232470719
232440,30.9158374691
232470,30.9241577268
232500,33.2953827571
232530,33.3589393781
232560,35.9750919364
232590,35.6502020083
232620,36.462012857
232650,34.457545973
232680,32.8823876203
232710,33.1052259227
232740,31.8764351489
232770,31.4662734231
232800,29.9817418629
232830,28.9936094342
232860,28.042530231
232890,28.192853015
232920,29.5746947294
232950,28.7957949316
232980,27.5811060968
233010,26.3240067852
233040,25.8863708509
233070,25.1618298902
233100,24.2827099993
233130,23.7749630217
233160,22.3452083647
233190,21.5616002781
233220,20.1969386038
233250,19.4090143945
233280,18.0999963173
233310,16.8301208071
233340,17.3787575862
233370,17.3002298654
233400,19.932554429
233430,19.2346400001
233460,19.7686616789
233490,20.8783770448
233520,22.0760439425
233550,22.5295852357
233580,22.5938863378
233610,24.3525394846
233640,24.9657076717
233670,26.4532688463
233700,27.3067833695
233730,27.0732079806
233760,26.0557635565
233790,29.3356522701
233820,30.8316840762
233850,30.1890690354
233880,31.9743354429
233910,32.1374865752
233940,33.0004409911
233970,33.7070477914
234000,34.9204181214
234030,35.1675316136
234060,34.7633219029
234090,35.303714663
234120,34.6118324875
234150,35.1188942044
234180,33.8251899003
234210,33.1383693194
234240,32.3631265104
234270,30.5377509901
234300,28.8482037291
234330,28.2715592187
234360,28.0334411479
234390,26.5582209
234420,26.8491401119
234450,24.6408651489
234480,24.5609512272
234510,22.3781959017
234540,22.6177140948
234570,18.1802600537
234600,16.4705499883
234630,16.8050528615
234660,17.673391001
234690,20.3710376673
234720,19.6362882955
234750,18.2383808488
234780,18.6805936862
234810,18.6672124241
234840,18.4845149255
234870,19.1116685512
234900,20.4462972477
234930,21.1285584384
234960,20.5500316576
234990,21.2471388239
235020,22.8368644855
235050,24.1775162903
235080,25.5136933043
235110,25.6665170158
235140,25.8548444018
235170,28.6531056767
235200,29.009170929
235230,27.8764661333
235260,31.2627512959
235290,32.5727539508
235320,33.8539884841
235350,33.9243610872
235380,34.0938804462
235410,34.9759638719
235440,36.3733277514
235470,36.0490347273
235500,34.3313997398
235530,34.3651368321
235560,33.6592110437
235590,34.3882826697
235620,31.94301272
235650,32.2070890581
235680,30.6441728717
235710,31.1476476831
235740,30.0342107683
235770,29.61695685
235800,29.5691574358
235830,27.9829401638
235860,25.9843026131
235890,27.7676677304
235920,28.3823258094
235950,28.341900361
235980,26.4402337501
236010,26.887506184
236040,24.6405465283
236070,23.337658266
236100,22.4395340928
236130,21.6453038761
236160,22.0999883093
236190,20.7217790845
236220,21.8296977607
236250,20.9055187847
236280,20.5572740524
236310,20.6817003243
236340,20.2094249818
236370,18.5245017795
236400,19.8190013601
236430,20.337373635
236460,21.3449143553
236490,21.7185307663
236520,23.8403487185
236550,25.8775028473
236580,26.6663630429
236610,29.2529997076
236640,30.4995342211
236670,30.5069365788
236700,32.3344595562
236730,32.5362367651
236760,31.6747321054
236790,32.4366941602
236820,31.0987741526
236850,29.2272638173
236880,32.025685124
236910,31.3258363691
236940,32.3410849412
236970,33.6146824105
237000,33.1851417248
237030,33.5727672586
237060,32.8744517384
237090,32.4060936866
237120,32.5073482258
237150,30.5073318871
237180,30.4249924719
237210,29.2828104856
237240,28.9327526821
237270,27.4196267453
237300,26.9010919071
237330,25.9031454926
237360,23.8940378209
237390,22.618827272
237420,22.4296042231
237450,20.979452111
237480,22.6289452539
237510,20.6084305485
237540,19.6534873682
237570,17.9102841184
237600,17.4548651709
237630,18.7096820287
237660,17.2621212795
237690,16.5971501421
237720,16.2270567672
237750,15.3749164978
237780,14.9345912055
237810,15.9952217625
237840,18.8266670871
237870,20.0082283069
237900,19.7974694927
237930,20.6642263301
237960,21.6838749867
237990,21.7157262753
238020,25.8014461028
238050,25.7513188809
238080,28.3758432322
238110,29.7993525728
238140,32.0064406547
238170,33.0666760769
238200,34.2003941107
238230,34.3620871881
238260,35.07849354
238290,33.7936128035
238320,32.1275567943
238350,31.9205443643
238380,34.0168650926
238410,35.536532472
238440,34.5918496892
238470,34.9575663209
238500,34.313442711
238530,31.6856288562
238560,30.1934220913
238590,29.6638118903
238620,28.8899825414
238650,29.3669967674
238680,29.2157768196
238710,26.8789299488
238740,26.8014563537
238770,26.6237059662
238800,25.0892935968
238830,20.230776553
238860,20.5749332743
238890,20.6269267193
238920,19.2126287777
238950,17.0268150443
238980,17.3414483299
239010,15.9617184539
239040,15.9425624738
239070,15.0274535629
239100,13.5761610277
239130,9.05387201416
239160,12.1604785994
239190,14.3240439268
239220,14.9493958672
239250,16.8487169625
239280,16.4737253953
239310,18.524057152
239340,19.9103465861
239370,21.5162254095
239400,21.8056187658
239430,23.5760501898
239460,24.9744453257
239490,26.588436561
239520,26.9674219485
239550,30.1902578826
239580,28.9650825897
239610,30.3677204904
239640,31.6777335609
239670,30.6073346454
239700,32.1677087971
239730,34.0388628651
239760,34.0153816386
239790,33.644856853
239820,31.6664765219
239850,31.1682320467
239880,31.7133124493
239910,31.7758340261
239940,30.6323180934
239970,30.4349634451
240000,29.6655819403
240030,29.2497718107
240060,27.4895034091
240090,26.2662812612
240120,25.917455582
240150,25.5338450533
240180,23.3965645075
240210,21.8540540525
240240,21.3379316664
240270,19.6442850772
240300,17.7298420001
240330,15.230833701
240360,17.7807499451
240390,13.3827167337
240420,13.898579519
240450,13.3156004898
240480,11.75106362
240510,10.4296878295
240540,10.5263045764
240570,12.4383147979
240600,12.2362655888
240630,10.3186000268
240660,11.4937459235
240690,12.6071190233
240720,16.4369583852
240750,15.5953779435
240780,16.3702747162
240810,17.3692496681
240840,20.1152714257
240870,20.7111035168
240900,22.0450658111
240930,19.3399253387
240960,21.7015558788
240990,22.4886473
241020,22.7837722981
241050,24.7784069348
241080,25.155903953
241110,22.4326981166
241140,29.453767561
241170,30.7873688998
241200,31.2239713197
241230,31.5024394609
241260,31.9563453717
241290,31.7211761753
241320,33.026319589
241350,30.6013826747
241380,30.430897884
241410,26.8521129778
241440,26.2898019382
241470,26.020701056
241500,26.3088628904
241530,25.0252752702
241560,22.162870093
241590,20.6137095185
241620,19.2599831275
241650,17.4142081727
241680,15.852477818
241710,13.0340319559
241740,16.5564215303
241770,17.9253897304
241800,17.7274912049
241830,16.2252554252
241860,13.585391098
241890,13.5788036024
241920,10.1021942408
241950,10.9741384208
241980,10.6308975243
242010,9.42373190076
242040,10.7858210151
242070,11.3492416727
242100,12.4230953926
242130,12.1099908093
242160,13.6202770756
242190,15.8218223147
242220,15.522569933
242250,19.3403343067
242280,20.7617374064
242310,20.1974754335
242340,18.1654189696
242370,20.4421636692
242400,21.5981498227
242430,21.8304633877
242460,24.3551694821
242490,21.2456040003
242520,26.4086222883
242550,28.3084456724
242580,28.145802971
242610,30.4211794783
242640,31.9701806456
242670,28.9007787327
242700,27.9071587121
242730,29.7106888567
242760,28.9146589551
242790,26.3977787781
242820,25.5539106676
242850,28.6271275554
242880,28.7181172249
242910,27.1373276609
242940,28.3538476331
242970,25.9941835514
243000,27.2494909517
243030,27.5367374877
243060,26.5675394418
243090,24.2755421194
243120,22.0906945364
243150,20.5058966958
243180,19.2040919096
243210,16.01454897
243240,15.4264727116
243270,12.9579989788
243300,15.4860153787
243330,11.3593322148
243360,13.2773433829
243390,13.0297565961
243420,12.7491314836
243450,13.6907412016
243480,12.0795627077
243510,13.7385953301
243540,15.2549533431
243570,15.3782208854
243600,16.9081456238
243630,14.6730779704
243660,17.3821986881
243690,19.363377145
243720,19.3111562179
243750,18.3142937941
243780,17.8253410199
243810,17.6963371423
243840,19.5776880563
243870,23.6656312772
243900,23.4475975047
243930,25.7661007496
243960,26.30176834
243990,28.5395401827
244020,28.3584852279
244050,28.3247916134
244080,31.8082040501
244110,33.6536573445
244140,32.5142867163
244170,33.7356175802
244200,33.7468611971
244230,32.5999996399
244260,31.9713901786
244290,30.9441344786
244320,28.5973546363
244350,28.4776553755
244380,24.3702261779
244410,21.9862469739
244440,20.404051633
244470,20.6550762182
244500,15.4031158365
244530,16.604063366
244560,15.2390112842
244590,12.8827459758
244620,11.298551967
244650,14.4112094189
244680,14.0914640199
244710,13.4554637737
244740,15.4969359351
244770,13.0080777139
244800,11.5401832845
244830,11.5751273144
244860,11.118342929
244890,9.72071326114
244920,14.1177247325
244950,13.7738260887
244980,15.0975496586
245010,17.0806648233
245040,16.0911696238
245070,17.8995520114
245100,17.7489261682
245130,14.8094446657
245160,18.9534014267
245190,15.6381782152
245220,15.2848081973
245250,15.2049536497
245280,16.5972258924
245310,19.3207851714
245340,19.5316688775
245370,22.4705744048
245400,20.694755846
245430,23.0583384251
245460,28.0398101143
245490,26.1443692414
245520,27.0267100559
245550,31.86407255
245580,29.9744931383
245610,28.6942952068
245640,28.2658098758
245670,29.8449233864
245700,26.798247797
245730,22.0801474055
245760,23.631677787
245790,21.4727448634
245820,22.3880083324
245850,23.2031173078
245880,25.5400020525
245910,22.6503370724
245940,22.9002696308
245970,18.3605229353
246000,20.5791675734
246030,19.0757806011
246060,15.8260043605
246090,14.9780512615
246120,12.2865732763
246150,13.1393365192
246180,13.8273909895
246210,12.127408975
246240,11.5564681633
246270,13.2061961393
246300,9.45657118209
246330,10.8565671946
246360,5.94492565614
246390,6.48275110477
246420,6.39278774845
246450,6.8443215166
246480,7.26659254472
246510,8.11870521212
246540,9.01773227655
246570,10.0130411027
246600,11.0296319946
246630,12.2909338768
246660,13.5752946163
246690,14.8024971255
246720,16.2326261535
246750,20.6417036309
246780,22.6580391386
246810,20.7272063234
246840,23.9859511843
246870,22.4363545893
246900,24.099248293
246930,22.6161865546
246960,22.6551635892
246990,22.6601716453
247020,22.6107584963
247050,22.5397105268
247080,25.6126147681
247110,27.8898766816
247140,21.8793494498
247170,20.5060815528
247200,22.9178426209
247230,20.0184695001
247260,20.6869695654
247290,19.0892456101
247320,19.8548999074
247350,16.0444820963
247380,19.0053729861
247410,18.5795117829
247440,15.2604568438
247470,14.2891025212
247500,13.0003764891
247530,15.1939556499
247560,14.6144657468
247590,10.252198231
247620,11.3804716511
247650,9.60679938129
247680,7.37488370701
247710,10.729334083
247740,12.2199971112
247770,9.09370015604
247800,7.92971072601
247830,8.87886002432
247860,11.0116148366
247890,10.9824942557
247920,9.17105542779
247950,12.9196926364
247980,16.5777886547
248010,13.3876585649
248040,19.8600350349
248070,18.5427039079
248100,22.2931143562
248130,22.2336208881
248160,24.7297302181
248190,25.6757500668
248220,27.4360310947
248250,29.8045322119
248280,31.6199231022
248310,31.860097072
248340,34.416723439
248370,34.1043153932
248400,35.3789315456
248430,33.081268932
248460,33.4364722147
248490,32.6851580741
248520,32.2799174687
248550,31.9370083334
248580,30.969833891
248610,31.6081423286
248640,31.8175923193
248670,28.7811964506
248700,28.1705140518
248730,26.8907723792
248760,26.4005689782
248790,24.968488461
248820,20.7231046818
248850,19.4381020329
248880,17.9131888558
248910,17.9936786686
248940,18.2515722127
248970,16.0050190032
249000,17.9903739648
249030,14.9086054052
249060,18.3361036583
249090,18.9452579116
249120,17.2142619354
249150,16.2840354503
249180,15.7028404224
249210,16.1390923709
249240,17.2487042214
249270,17.5741395053
249300,19.7216611704
249330,18.0830048504
249360,19.1313884743
249390,18.2720841781
249420,20.135703617
249450,21.0696509806
249480,23.119090427
249510,21.9377613132
249540,23.8502449029
249570,24.2459647823
249600,25.8596439827
249630,23.870005272
249660,25.7947459941
249690,25.4014060097
249720,23.7326829698
249750,21.6530863264
249780,25.4976686202
249810,22.9643071298
249840,23.684450294
249870,25.6133070201
249900,28.0714269787
249930,25.0313571125
249960,22.5508220442
249990,22.1715156907
250020,22.1615318561
250050,20.787347468
250080,24.333614068
250110,23.5195656703
250140,25.692694615
250170,23.580761883
250200,25.7111909019
250230,25.9329381111
250260,25.8885507932
250290,23.606744472
250320,21.7162222384
250350,20.1689331148
250380,19.9168687174
250410,20.1278530761
250440,20.0066391796
250470,19.1997898317
250500,15.0335205373
250530,11.17662813
250560,11.7416714431
250590,11.2793730037
250620,13.4521394302
250650,12.5803249753
250680,14.245503781
250710,15.3834642952
250740,17.6281771747
250770,18.776626833
250800,18.6389392697
250830,20.2937051538
250860,22.1832538044
250890,21.7511036039
250920,22.5010825429
250950,23.0121270932
250980,23.0220085821
251010,25.4789143943
251040,29.2974860392
251070,29.0152549179
251100,30.4087068291
251130,31.5026849059
251160,32.2177479972
251190,32.1186631269
251220,31.638294414
251250,33.1649674821
251280,33.1151387679
251310,32.1388741921
251340,32.6370647248
251370,32.5103891371
251400,32.1147383966
251430,30.2947166986
251460,28.9061376548
251490,30.1281098295
251520,30.4798065139
251550,29.7538249364
251580,28.0770716361
251610,27.7963759508
251640,27.2673531595
251670,25.2859170574
251700,25.9596827151
251730,26.2248202706
251760,22.8270522506
251790,21.4069359537
251820,18.818396119
251850,15.9687996926
251880,18.6433508735
251910,17.5597999394
251940,17.6665271457
251970,17.348406829
252000,19.3893070143
252030,18.9437546839
252060,18.577025453
252090,19.0740583094
252120,18.2060355312
252150,17.8528287275
252180,20.7031420881
252210,19.9595056833
252240,19.8055923223
252270,19.5428668224
252300,22.2943968021
252330,22.2341056029
252360,22.8518976682
252390,23.6660495646
252420,26.3527750466
252450,25.9325049854
252480,27.7651673563
252510,29.8056052955
252540,29.7401582587
252570,31.0687752979
252600,32.5205537755
252630,35.1225406612
252660,36.1639502889
252690,35.4375165554
252720,35.0276778349
252750,35.7839828834
252780,36.1865908598
252810,36.7048371589
252840,36.9458505961
252870,35.1448498865
252900,32.7627774479
252930,30.8581934924
252960,26.8715963965
252990,27.2538109523
253020,25.237159009
253050,24.2554560698
253080,26.1394882694
253110,27.6413508694
253140,24.7582286019
253170,25.832647614
253200,24.0375535221
253230,20.7860866077
253260,20.6727753367
253290,20.3943798722
253320,18.8905053933
253350,18.3037546051
253380,17.8011362537
253410,15.7979661324
253440,17.3151632916
253470,17.7805663193
253500,16.2488110354
253530,13.1131168408
253560,15.1089825852
253590,16.3213727864
253620,14.5158395903
253650,13.908264787
253680,16.14230436
253710,19.6600565876
253740,21.6428455392
253770,20.6142147372
253800,22.7226114767
253830,24.9491732286
253860,24.0925798126
253890,24.6791388663
253920,23.4822702951
253950,24.233346315
253980,24.4993354645
254010,25.741546183
254040,26.6395153423
254070,29.3906813595
254100,28.8193246388
254130,28.5217428412
254160,31.4413882892
254190,34.216347352
254220,33.6007756262
254250,32.9499676851
254280,34.7433114716
254310,34.0648537816
254340,33.0738014105
254370,32.149453835
254400,33.7880319041
254430,33.0380261093
254460,32.8644011279
254490,31.0626313083
254520,30.9475175796
254550,28.8942481695
254580,27.9175536215
254610,26.4326479701
254640,26.1466717081
254670,25.2893019522
254700,25.0735228928
254730,25.2681934769
254760,23.0248132699
254790,21.5228034079
254820,22.1834099784
254850,22.3523178712
254880,21.9133041396
254910,21.0175844937
254940,19.5305679143
254970,18.6905794738
255000,19.2355808599
255030,20.4373857904
255060,20.6914236235
255090,21.5678399916
255120,22.4393323534
255150,22.9926516031
255180,23.88458861
255210,24.7388878443
255240,25.2855696824
255270,23.5918594526
255300,24.6450068805
255330,25.3861532765
255360,27.2886588115
255390,27.7012754382
255420,28.8563824173
255450,28.9478348029
255480,31.19600174
255510,31.8552277075
255540,34.5445438437
255570,34.7069785381
255600,34.7708339484
255630,36.1411452677
255660,36.0011731144
255690,37.4021953081
255720,38.2063297622
255750,36.05550415
255780,33.5589604069
255810,31.1040956093
255840,31.0370348501
255870,32.8757272496
255900,32.6342298053
255930,30.271298317
255960,30.6914884816
255990,29.1249482396
256020,27.6102867812
256050,25.9779350308
256080,25.9363697832
256110,23.8475370559
256140,24.9293598938
256170,22.9810483269
256200,22.9927410862
256230,22.034586058
256260,19.1971424757
256290,19.1563511812
256320,17.1762384053
256350,16.9510009067
256380,15.9950285571
256410,17.7641413031
256440,19.3059326945
256470,19.5934387028
256500,19.4822434412
256530,21.221527165
256560,22.4815674575
256590,21.548815299
256620,23.1223204789
256650,25.5176883817
256680,25.3848004812
256710,26.9422483645
256740,27.583226502
256770,28.9660028655
256800,28.0078815527
256830,27.9303698376
256860,28.6167566905
256890,29.8020753761
256920,29.2955494158
256950,30.2230112691
256980,27.6738483293
257010,30.4766612091
257040,32.0701411766
257070,33.5779132351
257100,33.8844286524
257130,33.5037534473
257160,35.3453119116
257190,34.8445604242
257220,35.3930789156
257250,34.5260607924
257280,31.6881468676
257310,32.3245260082
257340,31.1757058144
257370,28.6403446795
257400,28.4308489539
257430,28.187189743
257460,25.3972619472
257490,24.0547974218
257520,22.5800447347
257550,23.827073629
257580,23.2031828487
257610,21.621497289
257640,19.9240058505
257670,19.4334345143
257700,18.1365387595
257730,17.6548224298
257760,15.1401541478
257790,17.1064668213
257820,16.784744057
257850,16.9583692405
257880,17.1350338679
257910,14.3518822645
257940,10.3784202417
257970,12.4409144033
258000,16.9568672146
258030,12.5318758633
258060,13.3726870318
258090,19.2903571765
258120,21.6954967675
258150,23.0040238839
258180,26.2120539253
258210,28.104613254
258240,27.7010218165
258270,30.2661287119
258300,32.6901971615
258330,32.0679523699
258360,32.9696837715
258390,33.2751594627
258420,34.0277567966
258450,30.9147704933
258480,32.4860449483
258510,32.5183038562
258540,31.6411187595
258570,31.8309729019
258600,33.6214478515
258630,34.0342983382
258660,33.1817882318
258690,31.7961035981
258720,30.6968172436
258750,30.4817829286
258780,30.6726543938
258810,31.5080525366
258840,29.2721063718
258870,28.1930207761
258900,28.2039333898
258930,28.4005589781
258960,27.6443204324
258990,26.9437890218
259020,26.0892700538
259050,24.3885362107
259080,22.7902237743
259110,22.8580257808
259140,22.613445267
259170,21.3994552309
259200,22.8574730225
259230,21.8019030923
259260,20.910454165
259290,21.0408088882
259320,21.5024338206
259350,20.620725778
259380,19.8286470157
259410,20.4790324023
259440,21.5268039209
259470,22.8957968492
259500,23.1182402727
259530,22.0771204023
259560,25.1641908634
259590,26.4894205772
259620,28.4513010255
259650,27.3404173341
259680,29.5557270307
259710,28.2680629445
259740,29.3937349519
259770,28.5370847187
259800,30.7442347381
259830,31.44574223
259860,33.416731303
259890,32.4909423138
259920,32.6403778439
259950,32.3418781825
259980,32.4440329528
260010,32.7071508229
260040,33.2923851173
260070,34.070849949
260100,33.375258225
260130,33.1703652138
260160,33.6368026658
260190,31.21904824
260220,31.0422313008
260250,29.3566447014
260280,29.1201242299
260310,27.3684978751
260340,28.5451927844
260370,23.8085229214
260400,22.6912433837
260430,23.1313004317
260460,23.2761503708
260490,23.3510374448
260520,21.9820119948
260550,22.9579418079
260580,22.9776726063
260610,21.282203999
260640,21.6552338551
260670,20.65777829
260700,20.8137391438
260730,19.3474534746
260760,20.6751455639
260790,21.2907496785
260820,21.6708030867
260850,21.365842744
260880,23.1186476946
260910,24.1841333953
260940,26.309555799
260970,27.4377453249
261000,27.1654881333
261030,27.8112485112
261060,29.9323617307
261090,31.3737965985
261120,33.749844514
261150,33.5859877417
261180,35.4747913172
261210,36.2983284862
261240,37.8998210775
261270,37.0313436916
261300,37.4210470276
261330,39.3316522326
261360,40.0188175819
261390,40.6018507171
261420,40.758642639
261450,41.4696811509
261480,41.1229703724
261510,40.7952014733
261540,39.4241167174
261570,36.2342166934
261600,35.4997157753
261630,36.3713689992
261660,36.0146262817
261690,34.7044340507
261720,34.3547738512
261750,31.2868759955
261780,30.9356294697
261810,28.7618752194
261840,29.7712772874
261870,28.9097676403
261900,29.4473020857
261930,27.3924546906
261960,27.3083638016
261990,26.6613577615
262020,26.1876037318
262050,23.6218678775
262080,23.1713938872
262110,23.7690954032
262140,24.0477570136
262170,23.5439403308
262200,22.0200364835
262230,22.4062579695
262260,23.3679405397
262290,23.2214568495
262320,23.8060237919
262350,26.2829229736
262380,25.7150936711
262410,26.2701667807
262440,27.2661713342
262470,28.717621982
262500,29.5505200939
262530,30.7224407838
262560,29.9999969065
262590,31.4218786979
262620,32.5232202035
262650,33.8359082504
262680,35.2818730017
262710,36.7779286801
262740,37.7665393335
262770,38.3079965666
262800,38.4557041369
262830,38.7296184418
262860,38.0797734689
262890,37.5002182554
262920,36.4325929472
262950,35.9384346874
262980,36.6798975765
263010,36.4380726202
263040,33.8994577359
263070,33.9548476204
263100,32.7703113807
263130,32.6481605775
263160,31.5958325078
263190,30.9752469162
263220,30.0035977436
263250,29.1949065708
263280,28.3663651596
263310,28.3562881849
263340,27.764890031
263370,28.8480006938
263400,28.3447948198
263430,27.2402109305
263460,26.776517969
263490,26.8898392649
263520,26.434298122
263550,25.2555746743
263580,22.986415328
263610,22.8833482957
263640,23.5961194144
263670,22.5203928756
263700,23.5889819396
263730,24.1359267731
263760,25.3635409436
263790,26.3926259993
263820,24.8141409676
263850,25.5392493289
263880,26.3183405058
263910,26.6149647411
263940,27.5563676234
263970,28.35048088
264000,30.2442245605
264030,31.4238572238
264060,32.4157258474
264090,33.6855427184
264120,34.7762809165
264150,36.3035786958
264180,36.2032924067
264210,34.9330277136
264240,37.6692455018
264270,38.2352437214
264300,39.3587394123
264330,38.731435138
264360,38.6969594519
264390,37.1541180652
264420,36.1197073991
264450,36.3779940014
264480,35.1242119568
264510,34.8180111688
264540,34.6147033146
264570,33.5751313967
264600,32.2911706796
264630,32.1946562225
264660,30.3998236805
264690,28.9361990772
264720,29.6870790002
264750,29.5717703463
264780,28.4283945392
264810,28.0544757655
264840,26.0363800421
264870,25.2599797137
264900,24.7186226164
264930,23.8850905329
264960,23.1816476158
264990,24.4120203566
265020,24.1001229126
265050,23.261975611
265080,21.6236274718
265110,21.667559333
265140,22.4242882965
265170,23.0815449221
265200,24.0883714727
265230,25.9174022004
265260,26.4006313919
265290,27.9828586602
265320,28.1342692246
265350,29.2269029867
265380,28.7580625379
265410,30.1018353624
265440,31.7191530442
265470,32.0349249369
265500,32.3879241281
265530,33.4409714237
265560,32.7994901866
265590,33.1851949187
265620,34.7006292899
265650,35.0134458107
265680,36.5757823459
265710,37.3276869026
265740,37.143685564
265770,35.3209372523
265800,36.8026100243
265830,37.1942885025
265860,37.3713701935
265890,37.4994031572
265920,36.6038523132
265950,35.4114346348
265980,34.5952461998
266010,33.5488535546
266040,31.7570269873
266070,31.0157816273
266100,30.9851092146
266130,29.3874664728
266160,27.3762974778
266190,27.3481989788
266220,26.1570054291
266250,25.9294334511
266280,25.8842264459
266310,25.139477473
266340,24.30893802
266370,24.7226665456
266400,22.5720660982
266430,20.874383244
266460,20.5421378514
266490,20.1068573371
266520,20.532719268
266550,20.1495611841
266580,20.5638545085
266610,22.4552013552
266640,23.6770118262
266670,24.1692577652
266700,25.2367365318
266730,26.1136086231
266760,26.6791336247
266790,27.9751039846
266820,29.5846280991
266850,30.795020888
266880,31.1792697249
266910,32.2010758708
266940,34.8979994166
266970,36.7794867127
267000,38.3413512374
267030,38.8221202785
267060,38.52169184
267090,38.1155161086
267120,38.0733435815
267150,38.2344108686
267180,39.0066948825
267210,37.9954109951
267240,38.3226755977
267270,37.6830315503
267300,36.7049418798
267330,36.0524366058
267360,34.9084520109
267390,35.7927566299
267420,35.1717320892
267450,32.7294483899
267480,31.6120039672
267510,31.4691876749
267540,29.9016539846
267570,29.5544397605
267600,29.424266808
267630,28.966334201
267660,27.3706726257
267690,26.4566103199
267720,25.1169751593
267750,24.8923667505
267780,23.9598944401
267810,22.0516489809
267840,22.4041827534
267870,22.2574182665
267900,20.9817444755
267930,22.2864983821
267960,21.180707204
267990,20.9344268422
268020,21.6529644275
268050,22.4096154113
268080,23.599961698
268110,22.8043384917
268140,23.6183152547
268170,26.7725233174
268200,27.468545609
268230,28.6143873265
268260,30.6663742701
268290,31.2926822779
268320,31.3289374439
268350,31.6086422996
268380,33.7147279554
268410,34.7288128004
268440,35.3701804555
268470,36.0245679284
268500,35.520500461
268530,35.7919680479
268560,34.491376804
268590,35.3206306092
268620,35.9476337868
268650,36.0974110152
268680,34.0152202257
268710,33.8004460311
268740,33.468316223
268770,34.2806125517
268800,32.794317749
268830,31.7687228517
268860,30.7648939487
268890,30.2234465436
268920,29.4892321706
268950,29.5980497018
268980,29.413918552
269010,27.2213332572
269040,26.6471128825
269070,25.1676477939
269100,24.7645183032
269130,24.2766922947
269160,23.994751416
269190,24.0863773912
269220,24.1415067986
269250,23.1744375823
269280,23.4561254656
269310,21.7950507417
269340,23.5001859371
269370,22.830623571
269400,22.0676627122
269430,21.1091591694
269460,19.5786564578
269490,20.0297631684
269520,19.4987220438
269550,20.7907607652
269580,20.6253636221
269610,21.8965807699
269640,22.2241990894
269670,24.6977041354
269700,25.4806004576
269730,28.3705617792
269760,29.9075775651
269790,30.8463478523
269820,32.2813590857
269850,33.7576001703
269880,31.7719104655
269910,32.3754235433
269940,32.8319473675
269970,35.0559905104
270000,35.794134332
270030,35.9537329843
270060,35.1444894988
270090,33.3980624762
270120,33.2465799706
270150,34.237786158
270180,34.3647650425
270210,33.7694547904
270240,33.9453175678
270270,33.4293706973
270300,31.1631077187
270330,30.0381817321
270360,28.4119617708
270390,28.9384392625
270420,27.3429316664
270450,26.313205276
270480,25.91645257
270510,25.4528388372
270540,25.1559936456
270570,24.9890240945
270600,23.7544089848
270630,22.4102232343
270660,21.1394534836
270690,21.2693176098
270720,21.8431321657
270750,22.6123754594
270780,23.1668141114
270810,23.351893577
270840,22.6998922989
270870,22.6423120968
270900,22.7843203711
270930,23.1581324257
270960,22.2035115942
270990,22.9131253749
271020,24.3560513625
271050,26.0430415313
271080,26.4814171247
271110,26.9266124346
271140,26.9239082345
271170,27.4638843869
271200,29.5017092332
271230,30.6752082363
271260,32.7500503422
271290,33.453888541
271320,33.7193356078
271350,34.9761133395
271380,35.8026224625
271410,34.9904187568
271440,35.3936362254
271470,34.1920187237
271500,35.4502878837
271530,36.2070196896
271560,36.0750223704
271590,35.6351714105
271620,35.52306806
271650,34.674711576
271680,34.6378445064
271710,33.4719136271
271740,33.2111714052
271770,33.7773641415
271800,32.6755750715
271830,32.030692726
271860,30.4299345433
271890,30.1485074262
271920,29.5752860691
271950,29.4143355322
271980,28.5903390181
272010,28.6434730351
272040,27.854363166
272070,27.3536083575
272100,25.8556155115
272130,24.0969052909
272160,23.6022868334
272190,23.2762172894
272220,22.4162555945
272250,20.6776090035
272280,19.9716852068
272310,19.8746333875
272340,20.82180514
272370,20.729833523
272400,20.6019652977
272430,21.7685443273
272460,22.9527014365
272490,22.8854620573
272520,23.516908448
272550,25.6272089843
272580,26.128203582
272610,27.2406111636
272640,28.9248281823
272670,31.7895711803
272700,32.8194660949
272730,34.0123602662
272760,35.2825374772
272790,35.2355334129
272820,34.878544584
272850,34.7983899647
272880,34.9080028702
272910,35.1671747833
272940,35.3657937992
272970,37.2589004149
273000,36.1741580116
273030,37.0243564627
273060,37.305653057
273090,36.5564163125
273120,35.9713588996
273150,35.054735399
273180,34.0028307734
273210,33.0778008945
273240,32.5394285345
273270,31.2793995272
273300,30.7362170311
273330,31.6110142403
273360,30.2571107957
273390,29.244255115
273420,28.671184346
273450,27.3470038117
273480,26.3201507557
273510,24.2337774955
273540,25.0336210764
273570,24.9071211646
273600,23.7108394863
273630,23.8917419655
273660,24.4581773198
273690,24.6064726121
273720,24.3404928539
273750,24.3420468447
273780,24.4379760672
273810,24.4525780363
273840,23.7938358826
273870,25.2655505512
273900,26.279923179
273930,27.2098814485
273960,28.4048209378
273990,28.2082798658
274020,30.4735912749
274050,31.8414546215
274080,33.1451321881
274110,33.9831820622
274140,34.9929864567
274170,36.0755323633
274200,37.1942712769
274230,37.1902597233
274260,37.8022804117
274290,39.2221432451
274320,39.76326474
274350,40.7935311911
274380,40.4271628011
274410,40.3287653953
274440,39.4407410933
274470,38.6632018122
274500,39.0449011435
274530,38.3991179822
274560,37.9044827587
274590,36.8372248963
274620,35.7518966857
274650,35.4156503072
274680,35.2060278353
274710,34.0511787248
274740,33.8735560952
274770,33.3711496046
274800,32.4886033035
274830,31.7558195478
274860,31.1041442105
274890,28.879161541
274920,27.7737037842
274950,26.7187447122
274980,24.5570270363
275010,23.7265604243
275040,22.8576486768
275070,21.5127184956
275100,22.3094852108
275130,21.9549601327
275160,22.1203298321
275190,24.2458836857
275220,24.9159955196
275250,25.3431159063
275280,27.1154890498
275310,27.1571180664
275340,27.8956191082
275370,29.4635063754
275400,30.9309833735
275430,32.1448718033
275460,32.7897366431
275490,33.8792742032
275520,35.0427679679
275550,35.8446011075
275580,37.0981213278
275610,38.9156340354
275640,39.9356251953
275670,40.7599460947
275700,41.2118913859
275730,41.9914110955
275760,41.9809875555
275790,41.5223378568
275820,41.4104379783
275850,40.4507725603
275880,39.6557296787
275910,38.8405312286
275940,37.4221539738
275970,36.3494257597
276000,35.9478498348
276030,35.7150623895
276060,33.9319788111
276090,33.3319206655
276120,32.5405485276
276150,31.8972870501
276180,30.404295839
276210,30.1078376469
276240,30.4917060988
276270,30.4961122584
276300,29.9500297077
276330,29.0067350498
276360,28.6113466649
276390,27.8065881184
276420,27.3546066868
276450,26.0438108474
276480,26.1023459554
276510,25.810774995
276540,24.7677636938
276570,24.4918287002
276600,24.4817749356
276630,24.5260512709
276660,25.1618511179
276690,25.6593812411
276720,26.879373537
276750,27.982414305
276780,28.8608134684
276810,28.9079641886
276840,29.5969623098
276870,30.3450296592
276900,30.2879327084
276930,32.5861180819
276960,34.4981455421
276990,34.7486574404
277020,35.6218300762
277050,36.3443173303
277080,37.1173887918
277110,37.8589850218
277140,38.5384066658
277170,38.7999814215
277200,39.5005205913
277230,40.2547210029
277260,39.2673796771
277290,39.3515747992
277320,38.990509652
277350,38.9520610094
277380,38.8114876947
277410,37.5137325884
277440,36.9811406497
277470,37.0970741473
277500,35.697172384
277530,35.2582807287
277560,33.8655795497
277590,33.198098902
277620,32.360148484
277650,31.6163567483
277680,30.7690509705
277710,30.3991241078
277740,28.9851627228
277770,29.6805519735
277800,28.8143515664
277830,28.3130495577
277860,28.442857729
277890,28.5107883916
277920,27.3557555973
277950,25.8882433296
277980,24.4527752754
278010,24.6365141151
278040,23.8927557889
278070,24.3067865839
278100,24.693988898
278130,25.0091609995
278160,25.9063345901
278190,26.177606971
278220,27.2724718822
278250,27.5912150055
278280,27.6086175613
278310,27.7265079202
278340,30.1286527351
278370,30.3165550023
278400,32.0310150498
278430,32.8114336097
278460,34.4712155678
278490,36.4280906472
278520,36.2681435385
278550,34.8558485973
278580,35.5654768533
278610,37.6459133616
278640,36.417614239
278670,37.0342323303
278700,38.6501705453
278730,38.4484528116
278760,38.9938900982
278790,38.7233755958
278820,37.7157531707
278850,37.1136343639
278880,36.0402002759
278910,35.4504855969
278940,34.243109268
278970,33.4093143135
279000,32.3677626034
279030,32.4607762532
279060,31.4590337676
279090,30.1066704826
279120,29.4704638092
279150,28.17019561
279180,28.0168620061
279210,26.4664655224
279240,26.3177440399
279270,25.2494371269
279300,24.1598538888
279330,22.8524595566
279360,22.384526513
279390,22.7889018192
279420,22.3374469162
279450,23.1201936275
279480,22.7597553652
279510,21.9746526925
279540,22.368838286
279570,21.5857105975
279600,21.8513978144
279630,23.0440413936
279660,22.8727498353
279690,25.2477603833
279720,25.405304924
279750,27.1028736638
279780,28.2305324343
279810,29.5176744814
279840,29.7900528445
279870,31.889863872
279900,32.8433361177
279930,34.1882263673
279960,35.3372682698
279990,34.4065203407
280020,34.9131581242
280050,36.271230676
280080,38.0940489411
280110,38.5059376604
280140,38.6833199269
280170,38.5731847841
280200,39.8044979615
280230,39.005993322
280260,37.7764538222
280290,36.0313820969
280320,34.7297649024
280350,34.8314784727
280380,34.2119744064
280410,33.0206856968
280440,32.1909151338
280470,31.6934793294
280500,32.0875664013
280530,31.3655410092
280560,31.3965724797
280590,30.1811709159
280620,29.1875195611
280650,27.2950217745
280680,26.830532197
280710,26.5950932164
280740,27.090280194
280770,26.1767065056
280800,25.9734793716
280830,24.7162210187
280860,22.9470953094
280890,22.2989501628
280920,22.5060815581
280950,22.7954251886
280980,22.4237472289
281010,23.1787291763
281040,24.1459570922
281070,25.9890724784
281100,27.2940826593
281130,28.0158864923
281160,29.7055816104
281190,32.0533511035
281220,33.0048295165
281250,34.5223115287
281280,34.5248699218
281310,35.0024312079
281340,37.183773957
281370,38.0979490798
281400,38.0559655512
281430,39.5209325842
281460,39.4149888458
281490,40.2105674581
281520,39.6715496703
281550,40.4785032359
281580,40.427698077
281610,40.4467987603
281640,40.4767158059
281670,39.8583574655
281700,38.7368499492
281730,38.2532859796
281760,37.9237881061
281790,36.6203357248
281820,35.9540562573
281850,36.1952045885
281880,35.7218971331
281910,35.0109197314
281940,34.1852129026
281970,33.2716205374
282000,31.9170184957
282030,31.4990559493
282060,30.7964651166
282090,30.0220445176
282120,28.7603219248
282150,28.8621291829
282180,28.9622038832
282210,27.9027575701
282240,27.0652097769
282270,26.4395777723
282300,25.0774562469
282330,24.1414743906
282360,24.7631078934
282390,25.7952721341
282420,25.2785846117
282450,24.6291967289
282480,25.1686056812
282510,25.8422719289
282540,26.7978599084
282570,27.0068328738
282600,26.8218469964
282630,27.2933972236
282660,29.1514799864
282690,31.4419932047
282720,33.0648350925
282750,34.3032899497
282780,35.2648768995
282810,35.529898314
282840,36.2627429973
282870,35.4678858524
282900,36.0708867956
282930,36.8291852483
282960,38.4596932424
282990,38.0708200423
283020,39.2143674244
283050,39.5015000729
283080,38.3952429937
283110,37.6139704214
283140,36.8204989232
283170,36.5017092253
283200,35.820848446
283230,36.1994289779
283260,34.5474361226
283290,33.5278512324
283320,32.8303584835
283350,33.0206074617
283380,31.7187179867
283410,30.8202589246
283440,30.8250585734
283470,30.9566442391
283500,30.0369012102
283530,29.1697110538
283560,28.2644602285
283590,27.1888547018
283620,26.2498424948
283650,26.0670970864
283680,24.2044428565
283710,22.6534886567
283740,23.1788554028
283770,23.0624996714
283800,21.6866581354
283830,21.6586488464
283860,22.1270555779
283890,22.1293905799
283920,23.3461855419
283950,23.9087820174
283980,25.7166774908
284010,26.7637216605
284040,29.444794131
284070,30.5295843586
284100,31.443799023
284130,31.4497676178
284160,32.3154152468
284190,34.6410007566
284220,35.5070184808
284250,37.2629469801
284280,38.1325096661
284310,39.3107065834
284340,39.0187328455
284370,39.420529956
284400,40.2320177605
284430,39.7284182381
284460,40.0333438771
284490,40.0221726131
284520,39.4167675401
284550,39.1444902044
284580,38.9245661499
284610,38.8462217756
284640,37.8485591055
284670,37.4030107162
284700,36.7936856885
284730,35.8923068119
284760,34.3172457251
284790,33.2008207582
284820,32.4149199
284850,31.2256582014
284880,30.5182370011
284910,29.7280566098
284940,28.8841481041
284970,26.6140359337
285000,26.3706877359
285030,24.9968076652
285060,24.9184642251
285090,23.8358781083
285120,22.734869827
285150,23.8211075197
285180,22.9077778499
285210,22.5288729231
285240,21.3950312275
285270,21.3134762243
285300,23.2781334995
285330,23.4209763193
285360,23.4892266954
285390,24.4749249032
285420,25.610116591
285450,27.5117512501
285480,29.3124502434
285510,30.6521261899
285540,30.9841667945
285570,32.5386754733
285600,33.0087099189
285630,33.6382503304
285660,34.7322873039
285690,35.2967806752
285720,35.6858135848
285750,36.555886393
285780,37.7940660907
285810,38.6698825418
285840,39.0994570698
285870,39.9199115939
285900,38.8240211972
285930,37.7215455613
285960,37.8069171641
285990,37.296087206
286020,35.7950746409
286050,34.2043767079
286080,32.5941293236
286110,32.8186568644
286140,31.7767494317
286170,32.2513679611
286200,30.8596378694
286230,28.2697986087
286260,27.5344812248
286290,27.868277353
286320,29.0925468666
286350,28.9148676395
286380,28.4353455392
286410,28.4917743486
286440,26.2547166023
286470,26.9342944534
286500,25.6972015504
286530,24.1396499697
286560,23.1448263191
286590,22.4842914571
286620,22.6377943073
286650,23.8817573122
286680,23.090446062
286710,24.5002814308
286740,23.3489030089
286770,24.4808437365
286800,23.838886039
286830,24.434363638
286860,25.3091411294
286890,26.1814999902
286920,27.937543173
286950,29.8382051903
286980,30.3870914623
287010,32.6707572749
287040,32.3650361703
287070,32.8638369683
287100,34.118785629
287130,35.6028887614
287160,36.9245544142
287190,38.2871369294
287220,39.8370819774
287250,40.1419323315
287280,40.2149182566
287310,41.2711678026
287340,41.5641769877
287370,40.8906071793
287400,40.1517766704
287430,40.0573662464
287460,39.8558489119
287490,39.6498866954
287520,37.703217431
287550,36.9544630468
287580,36.3070776787
287610,35.3761646136
287640,34.3860535073
287670,33.3331707773
287700,33.0675727148
287730,32.5108180517
287760,31.6814790938
287790,30.6145578157
287820,30.4130363406
287850,29.743260539
287880,29.4889796622
287910,28.9976970094
287940,27.9643652915
287970,27.2384392918
288000,26.6158487951
288030,25.7113077913
288060,25.4865147508
288090,25.4632857221
288120,24.7668648664
288150,25.1396869038
288180,25.2199303352
288210,26.0845489681
288240,26.1481969415
288270,26.1512494686
288300,26.6467627476
288330,27.0617206446
288360,26.844787095
288390,28.7483642226
288420,29.9215490284
288450,32.4024624169
288480,33.3828174588
288510,33.8723141025
288540,33.5834415739
288570,33.9736058533
288600,34.208979471
288630,34.1202663831
288660,36.5958923913
288690,36.5181726915
288720,37.7756649829
288750,39.1167570402
288780,38.5133525129
288810,37.411970768
288840,36.569891562
288870,36.6042633389
288900,36.3769967262
288930,36.0703116034
288960,35.5760072973
288990,35.4375917518
289020,35.2760261151
289050,33.6603039229
289080,33.6522373053
289110,32.8961478044
289140,31.6705256224
289170,31.2821077023
289200,31.0179517617
289230,29.4117252092
289260,27.8004633682
289290,26.7486121138
289320,26.4250856746
289350,24.6082909112
289380,23.8535763051
289410,23.9882001251
289440,24.4539819085
289470,23.0242293535
289500,23.0485128826
289530,22.3871820797
289560,22.7698737817
289590,23.1452316323
289620,21.3537143179
289650,22.6101310713
289680,22.7419993849
289710,22.7850246782
289740,24.7951300469
289770,26.4128499416
289800,26.9817121026
289830,28.7268829868
289860,29.083680494
289890,30.980254926
289920,32.4216583328
289950,33.7629918118
289980,34.0487001316
290010,35.3967235903
290040,36.0503474389
290070,37.6579143878
290100,38.467272816
290130,39.3931897027
290160,38.7136221816
290190,37.6121875851
290220,37.2168056508
290250,37.0469552245
290280,38.1221130642
290310,37.9487591562
290340,37.8969657284
290370,37.2664951472
290400,36.2759365678
290430,34.828160636
290460,34.6057550408
290490,34.1215343918
290520,32.5570699555
290550,31.6911968239
290580,29.4018728546
290610,28.2860215541
290640,27.7001177531
290670,27.8209507784
290700,24.9887418968
290730,24.346970661
290760,23.2243782788
290790,22.5977597057
290820,22.4670289536
290850,22.504405555
290880,22.9623726132
290910,21.8513171799
290940,21.1025949291
290970,22.3709526782
291000,22.8267075224
291030,23.9042252325
291060,24.7254329531
291090,24.065375573
291120,24.8504612123
291150,25.8384778273
291180,25.5568582056
291210,26.9637896658
291240,27.673110633
291270,28.7559923131
291300,29.7823865493
291330,31.3498663671
291360,32.5740756687
291390,33.4774434955
291420,34.8901586709
291450,35.096651714
291480,36.0726425271
291510,37.6695170318
291540,37.8512381023
291570,38.9453507345
291600,39.2832429332
291630,39.3745790324
291660,38.1159639072
291690,37.91839095
291720,37.8935495976
291750,37.3588313357
291780,36.0276238934
291810,35.2380290821
291840,35.0231830933
291870,35.1477797024
291900,33.6124194796
291930,31.8237573551
291960,31.5201336478
291990,31.1581177847
292020,28.456625254
292050,27.6552390189
292080,25.6278189942
292110,26.2719029903
292140,25.0606005014
292170,24.3523519879
292200,24.0968493747
292230,22.9436602636
292260,20.6451356033
292290,20.5352829876
292320,19.0781332325
292350,19.8392611773
292380,20.871986554
292410,21.2116566753
292440,19.9883031139
292470,20.0573500318
292500,20.8330320246
292530,20.8235820287
292560,18.1130877877
292590,21.591796519
292620,20.4061857517
292650,21.3423069255
292680,22.389856742
292710,23.9002125086
292740,25.6753246532
292770,26.7168150932
292800,28.0861910602
292830,28.9937859713
292860,31.1354267323
292890,32.8220702878
292920,33.6505142304
292950,35.3816341666
292980,36.6443359823
293010,38.3191405057
293040,37.9149598311
293070,39.0446074887
293100,38.9774369375
293130,38.8890082508
293160,38.6837200147
293190,38.3319573247
293220,36.5826288841
293250,36.9279219146
293280,35.7929694589
293310,35.2321478353
293340,35.5287868483
293370,35.1276120143
293400,34.2065508256
293430,33.4198367826
293460,32.0855680503
293490,32.5310036453
293520,31.6475760883
293550,30.2665441293
293580,28.1128593109
293610,28.461519265
293640,26.3461135232
293670,23.102445148
293700,23.0974158628
293730,22.4577307867
293760,21.2442239354
293790,20.785194362
293820,20.626027173
293850,20.645195946
293880,20.4445475273
293910,21.2908926508
293940,22.2257811162
293970,22.4884264294
294000,22.3247823487
294030,23.2944829827
294060,24.0501834293
294090,25.4114673143
294120,27.2207818965
294150,27.403084056
294180,28.5465002096
294210,29.5906727942
294240,31.3489178874
294270,33.9589266493
294300,36.4020922989
294330,37.7259657974
294360,38.617642168
294390,39.5164009916
294420,39.7158789017
294450,40.4440040821
294480,41.4308592087
294510,41.5023106886
294540,41.4021921809
294570,40.7099653788
294600,40.001021337
294630,39.639287476
294660,38.9008596011
294690,39.2598640059
294720,38.0588486887
294750,36.1052439659
294780,35.398222444
294810,34.6404170161
294840,34.1413562441
294870,32.4934772935
294900,32.837942521
294930,31.7709726319
294960,31.0930181906
294990,30.4043785222
295020,29.7366844443
295050,28.3968726291
295080,27.4323027815
295110,27.2888492198
295140,26.4229725611
295170,25.3409525754
295200,25.1156570016
295230,24.4159415821
295260,24.4562785716
295290,23.9838478066
295320,23.1293071763
295350,23.6665537832
295380,24.275951567
295410,23.7842153565
295440,24.2454880943
295470,24.4743518086
295500,22.941141967
295530,24.2898275855
295560,26.7844391962
295590,26.9020686753
295620,29.364126956
295650,30.5541598815
295680,31.7670367223
295710,32.4979896104
295740,32.8460351316
295770,34.6650710151
295800,36.3013254997
295830,37.6753066776
295860,38.522032693
295890,39.0984127795
295920,38.6383620063
295950,38.2924797942
295980,38.6024592197
296010,37.1620257509
296040,36.9339093133
296070,38.2211670339
296100,36.8881094359
296130,35.7683160046
296160,35.5959782169
296190,34.5539134505
296220,31.936173887
296250,32.9565574809
296280,32.6788988297
296310,29.900719854
296340,29.4687973054
296370,29.6410770524
296400,29.6426060091
296430,26.4226883364
296460,27.2015646776
296490,26.6528198405
296520,25.876381241
296550,26.0331882216
296580,25.0026632947
296610,25.2105901705
296640,23.972448821
296670,23.9373941095
296700,23.377160817
296730,23.6946218592
296760,25.3278930443
296790,24.8467450204
296820,23.1461606242
296850,24.2796932443
296880,24.5524416688
296910,24.1578258966
296940,24.274449433
296970,25.9079919517
297000,27.5568018047
297030,28.858592048
297060,30.5036970143
297090,31.439610906
297120,32.5106815068
297150,33.5243141722
297180,33.5322011245
297210,33.3723087408
297240,33.9797399313
297270,35.1379113587
297300,34.3600321332
297330,33.3576243058
297360,33.6966718536
297390,33.7792035606
297420,33.5531774748
297450,31.3507589177
297480,30.1899727075
297510,28.0422091928
297540,27.4804127568
297570,27.1639651215
297600,28.6012239358
297630,28.9216474438
297660,29.3397900558
297690,29.5763826365
297720,29.176570599
297750,27.9510209005
297780,28.3655843142
297810,27.4016950838
297840,27.3916241207
297870,26.6462391228
297900,25.226360838
297930,25.1312279155
297960,24.3494868436
297990,24.1572164481
298020,22.2316319188
298050,21.6206290528
298080,22.3423665146
298110,21.8092081679
298140,22.1710695366
298170,20.8438504685
298200,21.0052712753
298230,21.3747281053
298260,21.1869308413
298290,22.0705894463
298320,23.092807476
298350,23.3658825517
298380,23.7574630419
298410,25.8431342409
298440,26.8750662861
298470,27.8311750912
298500,28.3635149237
298530,30.246567354
298560,30.5308949796
298590,32.0826244744
298620,33.4734626885
298650,33.4827860243
298680,34.4445655213
298710,34.314776292
298740,34.5545785405
298770,35.8365211317
298800,35.1302535301
298830,35.222815497
298860,35.9576011112
298890,37.9472983426
298920,37.7722849293
298950,37.8927138365
298980,37.6368923786
299010,37.0728180111
299040,35.818439349
299070,35.7741203439
299100,34.0645465142
299130,33.8449693411
299160,33.1338791184
299190,32.4034796329
299220,32.2898676388
299250,31.2449767014
299280,30.4400043746
299310,28.2731538056
299340,28.851719656
299370,27.6407973027
299400,26.3867532581
299430,25.0944602696
299460,23.3589694514
299490,23.0606064848
299520,21.8006722943
299550,23.0715912274
299580,22.7923514598
299610,22.0414746096
299640,22.7170565935
299670,22.9762526954
299700,22.3335252528
299730,23.6156910288
299760,24.3570332142
299790,25.7005409764
299820,26.8406639305
299850,27.4748026968
299880,28.7001962665
299910,30.0941345787
299940,30.6160872244
299970,31.4161619053
300000,32.6141124728
300030,33.5192303723
300060,35.204527369
300090,35.4204894468
300120,35.9968366337
300150,36.159526042
300180,35.8425224613
300210,37.2501359279
300240,36.6987196887
300270,37.6542411932
300300,38.184420913
300330,38.2509670164
300360,36.7377427091
300390,36.1110612319
300420,34.7612622502
300450,34.8416970381
300480,34.4957251793
300510,34.1440496854
300540,32.6992612666
300570,31.4056426809
300600,30.6454468032
300630,30.8155375252
300660,30.0132901938
300690,30.6834477455
300720,29.1338528674
300750,29.6386466322
300780,27.9021402186
300810,27.1120165187
300840,25.6810632739
300870,25.7898062605
300900,24.4703212558
300930,23.6008643961
300960,23.2941139809
300990,22.9098113412
301020,23.8362347324
301050,23.437934044
301080,22.9308513144
301110,21.5566250587
301140,20.7835525748
301170,21.2272958345
301200,21.9328136387
301230,23.4788306292
301260,25.0022859156
301290,27.3394393507
301320,27.7352940519
301350,28.6126860998
301380,28.9528991727
301410,29.5028252019
301440,32.0140237443
301470,33.4028621525
301500,34.1515113752
301530,35.413341649
301560,35.2185697064
301590,36.5699030222
301620,37.4461604251
301650,37.3394374931
301680,38.0114677671
301710,38.7490303511
301740,39.1078366844
301770,37.8529235129
301800,34.9997362857
301830,34.5447918876
301860,35.0583315769
301890,34.4484932874
301920,34.6966242272
301950,33.4228923916
301980,32.5403546584
302010,30.7276956537
302040,30.2915505829
302070,29.1760425337
302100,27.6987661336
302130,27.1189129426
302160,25.9086621095
302190,25.8302349164
302220,25.3407746805
302250,24.4338206307
302280,23.9498737947
302310,25.2499194903
302340,25.9144710458
302370,25.5417134357
302400,25.620702435
302430,23.4940280222
302460,22.8827320572
302490,22.1039860148
302520,23.0688199859
302550,21.7694951276
302580,21.285207854
302610,21.988611066
302640,22.258470894
302670,23.5958185824
302700,25.0501255012
302730,24.9993708444
302760,25.3592222509
302790,26.7564245804
302820,27.9645687392
302850,27.3511682503
302880,28.3760926919
302910,29.8621858564
302940,31.6798700416
302970,33.2420658285
303000,33.6690698653
303030,34.2058089908
303060,36.4622437073
303090,37.5286475616
303120,37.9864073927
303150,37.7927348265
303180,38.4988048788
303210,38.8901283831
303240,37.7974462776
303270,37.5820799677
303300,36.887034573
303330,36.0668092532
303360,35.0778888257
303390,34.0925614094
303420,34.0952815901
303450,33.1799359401
303480,31.9688565219
303510,31.4796527683
303540,28.8059282161
303570,28.0570359838
303600,28.1636420188
303630,27.4186374913
303660,25.8786752869
303690,23.8071625213
303720,22.3862595669
303750,20.8951042087
303780,21.0030158819
303810,20.5955893591
303840,20.2130446786
303870,20.6522515111
303900,20.7416976342
303930,21.4746189425
303960,22.6673679284
303990,22.4551910787
304020,23.0113818752
304050,24.4501373647
304080,25.1351372972
304110,25.9177952581
304140,26.8827407468
304170,26.4661362205
304200,26.9877704199
304230,28.1662148162
304260,30.1414837434
304290,30.7763599526
304320,31.9064558338
304350,32.838051205
304380,33.7309013161
304410,35.5972335653
304440,36.7270472188
304470,36.4510088333
304500,37.0038294455
304530,36.9359675994
304560,37.1377888648
304590,37.9584757137
304620,39.175744923
304650,38.1067455759
304680,37.6722503861
304710,35.809920261
304740,33.8649011377
304770,34.2811867179
304800,34.1243689892
304830,35.2618095366
304860,34.2071680119
304890,33.3895618584
304920,32.2184211973
304950,31.4419158677
304980,30.3563152144
305010,28.6035386185
305040,28.5833181471
305070,26.828415281
305100,26.0035305918
305130,24.531178529
305160,21.6986863417
305190,21.9922483378
305220,21.7821855149
305250,20.6439323778
305280,19.286732466
305310,19.5456003625
305340,18.7607066075
305370,13.9375889748
305400,17.9038046804
305430,19.9017723403
305460,20.4365543381
305490,21.7173523255
305520,21.554196627
305550,22.1616238075
305580,22.5453560567
305610,23.9547806979
305640,24.7446420615
305670,23.8633350935
305700,24.8286578956
305730,26.2474804905
305760,30.3719428713
305790,30.3681601402
305820,33.3125128466
305850,35.1316370637
305880,35.6700930708
305910,36.0576331367
305940,36.352483009
305970,37.0592912294
306000,37.5489017298
306030,37.3419191481
306060,38.1149275578
306090,37.7929015269
306120,37.4109877483
306150,35.1097173715
306180,35.4601426665
306210,36.6177397482
306240,35.6573720145
306270,35.3630033896
306300,34.2150086685
306330,32.196525362
306360,33.799647272
306390,33.6529871158
306420,32.3662129898
306450,30.9030311224
306480,29.3232831341
306510,29.150318092
306540,28.0729533628
306570,26.7226214596
306600,26.5977275633
306630,25.6436338784
306660,25.0618557962
306690,23.4137080018
306720,22.5736426105
306750,21.241820905
306780,20.6314473749
306810,19.9320276916
306840,19.4711423389
306870,19.5019655193
306900,20.5026379053
306930,22.151344976
306960,23.255665332
306990,23.4231985964
307020,23.3801495026
307050,24.4328216209
307080,26.028046305
307110,26.7196079975
307140,28.0196840493
307170,28.6519827417
307200,30.638769592
307230,32.0418415305
307260,33.0128022934
307290,33.2631728038
307320,34.3313798425
307350,35.1499697368
307380,35.6894887038
307410,36.9072751328
307440,37.7178361768
307470,37.195839914
307500,36.7991878989
307530,36.9576353152
307560,37.2054328775
307590,36.9876220028
307620,36.4457089519
307650,34.8598753777
307680,32.5547154953
307710,31.5655066745
307740,32.6867742778
307770,32.1925299169
307800,31.4529807003
307830,29.7267965799
307860,28.7125367556
307890,26.0427043854
307920,26.2347917437
307950,26.8368312731
307980,27.2379800408
308010,26.8394367023
308040,27.268167911
308070,26.6062327151
308100,26.1093932051
308130,28.1803469477
308160,26.789715134
308190,27.2474938829
308220,27.279078139
308250,26.5886968301
308280,26.1094258966
308310,23.996325433
308340,24.3930827565
308370,25.1085813453
308400,24.945460438
308430,24.8428773377
308460,25.5185346565
308490,25.8839085019
308520,29.6956993009
308550,30.7564826471
308580,30.6910334028
308610,31.9289106811
308640,33.7402227048
308670,34.5255360021
308700,35.4571479901
308730,37.0573171883
308760,37.2223716655
308790,38.6005809697
308820,39.1074303993
308850,39.7111667237
308880,42.0855629524
308910,41.4620359083
308940,40.2112627447
308970,40.2959691525
309000,40.2450081101
309030,37.8046874926
309060,38.197647819
309090,37.460662446
309120,37.1753126465
309150,36.8304974371
309180,36.0487163136
309210,35.0799319427
309240,34.6581725514
309270,33.3039434336
309300,32.7266579563
309330,30.0792649416
309360,29.0309134079
309390,28.2322921885
309420,27.0184062953
309450,25.7235926742
309480,25.8779767386
309510,25.8975074317
309540,24.0559859137
309570,24.2926579266
309600,23.7140321226
309630,23.9969174252
309660,24.4961977084
309690,24.0359414533
309720,22.7913856137
309750,22.2649702737
309780,22.0460232284
309810,22.274751566
309840,21.0967079469
309870,22.1977828062
309900,22.2245153042
309930,23.3543418555
309960,25.1255768096
309990,26.5354835076
310020,27.1791952907
310050,27.5307288878
310080,28.737133414
310110,29.2753118903
310140,30.3524474478
310170,31.6561406796
310200,33.131174725
310230,34.7875508501
310260,35.8442667454
310290,35.1233147759
310320,35.1515479563
310350,35.1245032684
310380,34.7190308287
310410,34.4124749606
310440,34.2123361179
310470,31.8360805837
310500,33.4052916014
310530,32.0751881398
310560,32.403972401
310590,30.4818592738
310620,31.6244748662
310650,30.4170549516
310680,29.7295083464
310710,28.2537891229
310740,27.8286578437
310770,26.8758069353
310800,26.9317717062
310830,24.3750759003
310860,25.523847566
310890,24.5276932462
310920,25.4405167304
310950,24.5920713897
310980,25.1028820817
311010,24.1882850791
311040,24.8680230059
311070,24.6617464003
311100,22.1836085606
311130,22.5640989624
311160,23.161835848
311190,22.0599746597
311220,21.5959848109
311250,21.6257615944
311280,21.2742695102
311310,20.8113953776
311340,22.0464608174
311370,22.2223137218
311400,23.3741327823
311430,24.2773576162
311460,26.1125963183
311490,26.0447729064
311520,27.8821146116
311550,30.7066369214
311580,33.3897966727
311610,34.5969696201
311640,35.0190374398
311670,36.1498453521
311700,38.7207177278
311730,38.6489831048
311760,37.8809358184
311790,36.4432686976
311820,37.7746166903
311850,35.6904596862
311880,35.6580902644
311910,35.0899511577
311940,33.7810839808
311970,34.9666542873
312000,32.5465754517
312030,31.8784504719
312060,30.7340498621
312090,28.8199510423
312120,29.0231781041
312150,28.0556356849
312180,28.1382117195
312210,24.8589692252
312240,23.8754327745
312270,25.0133087511
312300,25.0704039565
312330,23.6378399886
312360,23.5426230175
312390,23.0907956914
312420,23.0815521911
312450,23.0779983847
312480,22.1507904418
312510,20.1787435934
312540,20.6900409892
312570,19.711415975
312600,19.6764279916
312630,20.5494169789
312660,20.4865581629
312690,19.892852605
312720,20.0979869451
312750,21.401240945
312780,23.3185799899
312810,23.3649465813
312840,24.0849854354
312870,24.9909265895
312900,27.53978644
312930,28.6716657712
312960,30.1478187011
312990,31.6260970139
313020,34.3418351171
313050,35.0911929039
313080,36.6820539475
313110,38.1111845507
313140,37.6154839055
313170,37.3126160758
313200,38.4877859383
313230,38.149752913
313260,37.25094389
313290,36.7348572951
313320,37.0857786935
313350,35.2639838705
313380,35.306745558
313410,34.7860590331
313440,34.4112140184
313470,33.9999721051
313500,32.7897933123
313530,31.2633960457
313560,30.761257799
313590,28.3368711433
313620,27.1641567299
313650,26.0463705944
313680,26.9299291047
313710,26.3051788349
313740,27.1171123276
313770,25.9097625594
313800,24.0360554607
313830,24.6264011712
313860,25.9990349836
313890,24.8475422789
313920,23.4305231784
313950,23.2690836376
313980,23.0604137309
314010,22.3163426903
314040,21.3808891813
314070,22.0869955834
314100,22.5826491348
314130,22.1803178653
314160,22.3044934573
314190,20.7630840706
314220,21.2212736129
314250,22.4010699174
314280,22.2424126281
314310,23.8867480218
314340,25.3541665128
314370,25.8733881002
314400,27.2592118838
314430,27.2888702198
314460,27.9119702254
314490,28.8724704553
314520,30.979465773
314550,29.9029081977
314580,30.42775878
314610,31.496598882
314640,32.7575769561
314670,32.4702287794
314700,33.061587719
314730,33.5276296673
314760,34.0459588858
314790,33.7105375772
314820,33.1207662183
314850,32.9886458247
314880,31.2231894203
314910,30.6545816284
314940,30.3492807343
314970,30.7462033368
315000,30.4717958985
315030,29.9484389691
315060,31.6196502525
315090,31.9965702083
315120,31.772739624
315150,28.7146207811
315180,29.7924411764
315210,29.3435425441
315240,26.5805902049
315270,25.1080869485
315300,23.558948816
315330,23.6571745707
315360,22.9816541824
315390,22.3310714971
315420,21.3749253112
315450,20.8907712519
315480,21.0230344708
315510,22.2451756882
315540,21.5449164747
315570,21.8811159134
315600,22.8893584699
315630,24.2301999439
315660,23.9910541645
315690,24.1647052069
315720,24.9008104679
315750,25.4010823945
315780,27.7805295088
315810,28.1126813096
315840,28.88439308
315870,31.2399344941
315900,31.457727338
315930,31.8359234089
315960,33.5828322555
315990,35.4413871761
316020,35.611673785
316050,34.3728536762
316080,33.0836630148
316110,34.2354937452
316140,35.9779594806
316170,36.058788702
316200,36.1625593067
316230,34.4731962361
316260,33.1101463803
316290,32.851130658
316320,32.5673755914
316350,30.6888502147
316380,29.2747883317
316410,28.2331131804
316440,26.5110713502
316470,27.1684812975
316500,27.7164919307
316530,26.7946939205
316560,24.8896477427
316590,23.9355544537
316620,23.302353548
316650,24.3715374271
316680,23.4527557219
316710,21.0494331368
316740,22.2880864219
316770,21.8647683327
316800,18.7977865249
316830,19.3276593532
316860,19.4858434105
316890,20.0091310899
316920,19.6564964784
316950,18.8495269523
316980,20.3186489078
317010,19.2314803855
317040,19.5962527945
317070,19.5911531103
317100,20.158864541
317130,21.6636921927
317160,21.5969584863
317190,22.3335906449
317220,21.9168064778
317250,24.2079062337
317280,26.3515249982
317310,27.6971965079
317340,29.8952997661
317370,31.0675683086
317400,32.7642027867
317430,32.5816380301
317460,34.1534270291
317490,33.3189922817
317520,33.6677584913
317550,33.5873740814
317580,34.6394666257
317610,34.6327216028
317640,34.6420634309
317670,33.9924324789
317700,33.333498067
317730,32.3324188782
317760,32.0278226715
317790,31.0569372702
317820,29.4753422098
317850,27.8079082693
317880,27.4169432235
317910,28.1519661424
317940,27.7493003114
317970,27.4483743392
318000,26.3642378247
318030,25.2422228871
318060,23.716833337
318090,23.5156554728
318120,23.0057592491
318150,22.9356146827
318180,22.2604948023
318210,22.5147860642
318240,20.3835487574
318270,21.0366032834
318300,19.9883654665
318330,19.6734161676
318360,18.3264472164
318390,18.244246295
318420,18.2958639258
318450,18.1849999909
318480,19.276793252
318510,19.992495109
318540,21.654030484
318570,23.6013410815
318600,25.1111124731
318630,26.1835314073
318660,26.2122982942
318690,30.0942261013
318720,30.0304510657
318750,31.2608718179
318780,32.1301392071
318810,32.7540621111
318840,33.3362163017
318870,34.1575566862
318900,32.6087979286
318930,34.6591731383
318960,34.5567108059
318990,32.0534787161
319020,31.6840668408
319050,31.6775194801
319080,31.5033232735
319110,31.4676187595
319140,31.0769100571
319170,31.1026602292
319200,31.5849995361
319230,31.2735871932
319260,30.753781835
319290,30.2015651691
319320,29.6298702902
319350,28.329473599
319380,27.0527203315
319410,26.0559924156
319440,25.2166645844
319470,24.537152816
319500,24.5712371574
319530,23.0942402979
319560,24.9643485688
319590,23.1909086678
319620,22.4219174065
319650,20.534841904
319680,21.5973691634
319710,21.8422320182
319740,20.9749434208
319770,20.5829888169
319800,20.1675871241
319830,20.2000733405
319860,20.0839148103
319890,20.8789504045
319920,20.9837182814
319950,21.2600863077
319980,21.0052150817
320010,21.5339505252
320040,22.8739978944
320070,23.4507900613
320100,24.8420172405
320130,26.7887981077
320160,27.186009005
320190,28.285982992
320220,29.199162793
320250,30.6664758997
320280,31.2129798687
320310,31.0602744491
320340,32.4700029798
320370,32.5766922722
320400,30.8998225979
320430,30.72029391
320460,30.6080414983
320490,31.698296843
320520,32.131278047
320550,32.3679508397
320580,32.3000153219
320610,32.1411483253
320640,30.5807704904
320670,31.3612840048
320700,29.5719643644
320730,29.1920207823
320760,28.5456884965
320790,28.4328892361
320820,26.9011349199
320850,27.6089482647
320880,26.7841611525
320910,26.4681255222
320940,24.4546794204
320970,24.2787471267
321000,22.4431457627
321030,23.067776
321060,23.0332400673
321090,22.3185719072
321120,22.1986142043
321150,21.6875539908
321180,21.3075352439
321210,22.4590763575
321240,22.3205300311
321270,22.4315709772
321300,23.6758030911
321330,25.1408913472
321360,26.6679910382
321390,25.9573606466
321420,27.0116159734
321450,26.1326030144
321480,27.6221942729
321510,26.187990021
321540,27.2244089998
321570,28.2567834897
321600,30.0331106795
321630,31.5380508102
321660,31.9607679473
321690,33.2241484541
321720,34.7355760995
321750,35.1912747201
321780,35.979789754
321810,34.8870699095
321840,35.7256035016
321870,35.6835218115
321900,35.9890860018
321930,35.3059087524
321960,34.8497184501
321990,33.7757577954
322020,34.690811014
322050,34.5688004616
322080,33.3844786155
322110,32.0449551805
322140,31.7327091328
322170,31.1318863698
322200,29.3615744139
322230,28.9201003168
322260,27.4550467102
322290,26.8110490983
322320,25.8823421921
322350,24.7839278213
322380,25.8714783864
322410,25.5109100249
322440,22.4480764408
322470,21.4576472482
322500,23.4243701782
322530,23.4408468567
322560,22.5179875982
322590,22.2213571977
322620,21.8866422548
322650,22.6310489309
322680,23.60015182
322710,25.7464516004
322740,25.5350229681
322770,23.8049070387
322800,25.795019324
322830,23.6490005049
322860,25.412965397
322890,26.3943427902
322920,27.9832137474
322950,27.1945875095
322980,29.2464538886
323010,29.8206724256
323040,31.9613827443
323070,34.1927820491
323100,36.738778612
323130,38.4086944277
323160,38.6095591037
323190,38.6990681458
323220,37.149212806
323250,36.0631200006
323280,37.4040320514
323310,37.2221083494
323340,40.2264178734
323370,38.40335343
323400,37.6343703773
323430,37.3552889473
323460,36.8812796421
323490,34.9106577068
323520,34.4468074798
323550,35.650479872
323580,34.9117573686
323610,33.5873931365
323640,33.2549126494
323670,33.1854229493
323700,31.669063061
323730,31.7093004458
323760,29.0450456047
323790,28.448886996
323820,29.014773245
323850,28.8669446584
323880,29.8298073308
323910,29.3176202061
323940,29.0353825456
323970,27.9062710499
324000,29.2498512062
324030,29.047770611
324060,29.2346638006
324090,28.3503952697
324120,28.6413589872
324150,28.3241284192
324180,28.1405078762
324210,27.2009206671
324240,27.2779936815
324270,27.5625791215
324300,27.5484681247
324330,28.7105682331
324360,31.1898098509
324390,31.1832612074
324420,33.192135096
324450,33.8869559909
324480,35.5687568097
324510,36.6728152696
324540,36.6130897497
324570,38.409537038
324600,38.3031130023
324630,39.9809446008
324660,39.7760946573
324690,41.0286206789
324720,39.6556136814
324750,39.1859196077
324780,38.6815775377
324810,37.6320915573
324840,37.3836304067
324870,38.3281355949
324900,36.0976798872
324930,37.2982443985
324960,36.0169940909
324990,34.0204329342
325020,32.0058627139
325050,30.7160674316
325080,28.9822724705
325110,28.6309148393
325140,28.2943019605
325170,29.2421649763
325200,28.0621805017
325230,26.8307674773
325260,27.425338863
325290,28.4035688992
325320,27.1457235489
325350,25.3010084534
325380,24.2398400116
325410,25.1134789428
325440,25.6781364778
325470,25.7676749746
325500,25.5964246687
325530,23.5999563281
325560,23.1740923595
325590,23.8742466212
325620,23.9654604043
325650,22.7608973246
325680,22.2644780188
325710,22.9516512654
325740,25.2063453451
325770,26.686271768
325800,25.8784705805
325830,26.370680718
325860,28.0709097438
325890,29.1007748089
325920,29.8386874801
325950,31.1795094498
325980,31.3879226674
326010,31.7070420209
326040,32.9752319536
326070,34.379214158
326100,34.890159395
326130,35.2068083088
326160,35.3595654075
326190,36.3633490065
326220,37.1990189652
326250,38.0247531954
326280,36.3606330295
326310,35.5314356939
326340,35.3707297104
326370,36.644722313
326400,35.7828413327
326430,36.8385078662
326460,34.2554036621
326490,32.5288528238
326520,32.2475861
326550,31.3828907813
326580,30.8348676545
326610,28.9797294132
326640,28.0036337615
326670,26.0569075325
326700,24.5150301704
326730,24.2397500067
326760,24.5801216352
326790,24.7044912468
326820,24.4709339932
326850,25.4982950993
326880,23.1959866348
326910,23.0124110506
326940,21.9859821018
326970,22.3117009083
327000,21.2173963607
327030,21.0168090918
327060,22.0997351559
327090,21.7875651434
327120,22.218161198
327150,22.4010798338
327180,24.7496503603
327210,25.4754711745
327240,24.4455225645
327270,25.3128162056
327300,25.6618927494
327330,28.0354194205
327360,28.0416590507
327390,30.6124166245
327420,31.7292905461
327450,34.0355436762
327480,34.5563143663
327510,36.707057271
327540,38.3582530464
327570,36.8472322405
327600,36.5805944416
327630,37.9959138736
327660,36.2682065458
327690,37.039400418
327720,37.2785820088
327750,36.7348345835
327780,36.4772165105
327810,36.5700967766
327840,36.170743723
327870,36.5380279357
327900,34.9581491338
327930,33.0395006489
327960,33.4959202159
327990,30.5270926674
328020,31.0579305069
328050,29.0721561545
328080,30.9714525072
328110,29.754063298
328140,29.4489356366
328170,29.2416659358
328200,24.8300442065
328230,24.0246675048
328260,23.9013634634
328290,23.7334500261
328320,21.8403876018
328350,20.9854139715
328380,22.2391783949
328410,21.5981775467
328440,23.2071460228
328470,22.6450492719
328500,21.1834344461
328530,20.5236469892
328560,20.3313718219
328590,19.0091970144
328620,18.926367374
328650,21.6399610471
328680,22.5172985828
328710,25.1390736145
328740,24.9461261773
328770,27.0656637053
328800,28.5029460481
328830,29.1784374234
328860,30.8051976008
328890,31.6358287516
328920,32.640437853
328950,33.0192148491
328980,35.6819554752
329010,35.3091059165
329040,35.0064214554
329070,34.9663474274
329100,36.0397566144
329130,35.5221559988
329160,34.8192755326
329190,34.5568909853
329220,33.7726193136
329250,33.2541753781
329280,31.8783124342
329310,31.4399106637
329340,30.962289064
329370,29.1081764981
329400,29.7374889745
329430,28.7493198401
329460,29.4417992553
329490,28.0097744156
329520,28.0062408065
329550,26.8808525066
329580,26.7308227328
329610,26.1368911762
329640,25.1535804646
329670,24.7132328488
329700,24.3988552215
329730,22.4613006046
329760,22.974498819
329790,22.2670301186
329820,21.8124566747
329850,21.2865109712
329880,20.4952796282
329910,20.3407332745
329940,20.0183609606
329970,19.5235831708
330000,20.9833290831
330030,21.3781132076
330060,23.1489430391
330090,22.9099546312
330120,23.32964423
330150,22.1108751546
330180,22.5596371706
330210,24.7662907878
330240,26.6518225784
330270,28.1736550841
330300,29.4192513496
330330,29.446421701
330360,31.1084891136
330390,29.8461429339
330420,32.1918040121
330450,31.457241996
330480,33.4379989749
330510,33.4177357282
330540,32.6529670752
330570,32.4548163559
330600,30.4615054213
330630,30.0732883715
330660,29.7701541643
330690,29.4095903579
330720,29.1881953815
330750,29.6449240467
330780,28.7632573687
330810,28.5190380151
330840,26.4634420321
330870,25.8554356248
330900,24.6799880902
330930,23.6157835671
330960,23.3328722506
330990,23.4638001395
331020,23.8372241252
331050,22.2155767289
331080,22.7595730331
331110,20.5724160325
331140,23.2854515321
331170,22.1568227228
331200,21.4921248148
331230,21.5634348802
331260,20.8125033319
331290,20.2528248062
331320,19.4161352488
331350,18.5820547254
331380,18.8243768631
331410,19.9684548736
331440,18.9784706901
331470,20.2772178615
331500,19.4108932169
331530,20.7267984148
331560,23.0106661389
331590,24.1997644854
331620,27.0792757691
331650,27.1562788863
331680,29.1030253335
331710,29.4848572109
331740,30.4271756009
331770,32.0765487442
331800,32.7279822951
331830,33.8439050518
331860,34.4106771829
331890,34.2520429226
331920,34.8587330247
331950,33.9977311069
331980,34.0344908143
332010,33.879798149
332040,34.7644771114
332070,34.7439036132
332100,34.833768479
332130,33.9214624366
332160,32.9595994837
332190,31.4434974347
332220,30.3261377014
332250,29.9324420192
332280,29.0343649697
332310,28.3690711074
332340,27.7506735721
332370,26.048112787
332400,27.7933943521
332430,28.4813433026
332460,27.8291205176
332490,27.7572744572
332520,26.8578912873
332550,24.5365308931
332580,24.5733291188
332610,24.3861101075
332640,22.6889051564
332670,20.9231576163
332700,21.3093424096
332730,22.2717602184
332760,21.2195229614
332790,20.8333392091
332820,21.8804302495
332850,21.9417275545
332880,20.913410698
332910,21.4832054174
332940,22.1874820987
332970,22.359012157
333000,23.392371571
333030,23.9088385672
333060,26.0174217006
333090,25.5863057915
333120,28.0305555462
333150,28.95203475
333180,30.7321774019
333210,31.8414096958
333240,31.8481288567
333270,32.8158718789
333300,33.7000537192
333330,33.5610756136
333360,34.4882191364
333390,35.4560095832
333420,36.0008221399
333450,36.6127051968
333480,35.7222172849
333510,34.8824363298
333540,36.4175058463
333570,35.4267572263
333600,33.6221797365
333630,32.3332226788
333660,33.2897682676
333690,34.1280604883
333720,32.3521463845
333750,32.8779362835
333780,30.2308925472
333810,29.8496773223
333840,28.1217115752
333870,26.6444898695
333900,25.8008148832
333930,26.3899779864
333960,25.5829316471
333990,24.2034873986
334020,23.5552379616
334050,23.2865955091
334080,23.8064904569
334110,21.9747402186
334140,21.9228745307
334170,21.1836668715
334200,22.9416191111
334230,23.4803436199
334260,23.4317152218
334290,21.9129017068
334320,23.5332062685
334350,24.444510951
334380,25.1945422512
334410,26.5874853421
334440,27.5612383444
334470,26.3259518064
334500,27.2598406484
334530,27.9955493789
334560,28.7191894565
334590,28.9267271838
334620,30.175082317
334650,31.7480186
334680,31.8272954643
334710,32.7035878991
334740,32.5555549054
334770,33.2734025576
334800,33.3059768632
334830,32.2446837977
334860,31.4559608083
334890,32.204058025
334920,30.415296259
334950,31.2016650838
334980,30.2238277296
335010,30.4537612584
335040,28.344760002
335070,27.5368651626
335100,28.6149591526
335130,28.327720331
335160,27.6913763435
335190,27.57529852
335220,27.0635935382
335250,25.7403979307
335280,25.5125856366
335310,25.4216041657
335340,25.0824122975
335370,24.3256175847
335400,22.546418047
335430,23.4601523518
335460,22.5734567163
335490,23.3772520126
335520,22.5441691128
335550,21.737226656
335580,20.0967748475
335610,20.1128474361
335640,20.8330873864
335670,21.9094276106
335700,21.3755312445
335730,20.9683843216
335760,20.9874896697
335790,20.8610699687
335820,21.2037748436
335850,21.8802947154
335880,22.9776197338
335910,24.2906543569
335940,25.0902128752
335970,26.6903702456
336000,27.5471946791
336030,27.9786381634
336060,29.0907968376
336090,30.9231504155
336120,31.0063985998
336150,31.9995250375
336180,32.2320932112
336210,33.018337168
336240,35.0930876458
336270,36.6214091164
336300,35.5347390814
336330,34.3683219311
336360,35.1424185383
336390,35.2618216625
336420,35.8403232817
336450,34.971453375
336480,33.3490227045
336510,32.6170793538
336540,31.5248905937
336570,31.668580017
336600,29.8315537651
336630,29.022179531
336660,29.869491649
336690,28.1824788474
336720,30.2621266549
336750,27.6596104563
336780,27.2481405004
336810,27.1351317778
336840,26.3628539912
336870,24.9259894494
336900,24.5449848531
336930,22.7202586617
336960,22.1885730689
336990,24.6069514864
337020,23.2480373037
337050,22.8886713111
337080,22.48810436
337110,21.9497981943
337140,23.991599245
337170,24.4407230503
337200,23.092784019
337230,24.8517235236
337260,23.9740751314
337290,24.2565614917
337320,24.8919044926
337350,26.3020559317
337380,28.0021101369
337410,27.7554493633
337440,29.4221385411
337470,29.0870128872
337500,29.5728227586
337530,30.4127881724
337560,32.3896537647
337590,34.0844810142
337620,34.9868729051
337650,35.071712325
337680,35.6978870652
337710,36.929847376
337740,35.4153540886
337770,34.6039547415
337800,34.8868141171
337830,34.5590916466
337860,36.009186902
337890,36.0564652071
337920,37.2174946181
337950,34.6410121936
337980,33.4402050725
338010,32.5147584121
338040,32.2726216851
338070,30.8920789256
338100,28.4841809835
338130,28.328930294
338160,27.031412978
338190,25.7639019673
338220,25.7564845959
338250,25.3813686277
338280,24.7355435579
338310,24.0309025036
338340,22.2494995632
338370,22.0715299319
338400,22.881743036
338430,22.2246060789
338460,21.8060107345
338490,20.5278651901
338520,23.4187651872
338550,22.136486392
338580,23.0393839958
338610,23.9135504338
338640,22.1013062965
338670,24.2496220955
338700,23.4889561714
338730,25.2693085801
338760,26.5806854393
338790,26.9581459847
338820,28.1999703075
338850,29.3147130393
338880,30.1533974164
338910,29.6528715213
338940,31.3171493459
338970,32.2072438747
339000,31.9510062121
339030,32.9186464559
339060,35.4291893539
339090,35.3389000374
339120,34.0657968061
339150,35.4918137867
339180,34.2449257249
339210,34.7603898521
339240,33.486239901
339270,34.0238398837
339300,33.4048513349
339330,32.5039877944
339360,31.6815171667
339390,31.3247166295
339420,31.0215937139
339450,29.5158456266
339480,29.4113612456
339510,27.7162968386
339540,27.8849171062
339570,26.0778205653
339600,24.9882939705
339630,23.8735682273
339660,22.853951302
339690,23.2536549676
339720,22.644334085
339750,21.6919310997
339780,20.8715594769
339810,21.284604618
339840,22.4043139046
339870,23.1612801978
339900,22.6524342356
339930,21.4892087595
339960,21.1158196307
339990,19.7810629008
340020,20.6763187684
340050,20.1782147455
340080,20.6037577212
340110,20.5748628962
340140,22.0739436096
340170,23.1626140445
340200,24.1658578226
340230,24.1673387392
340260,25.5593770136
340290,26.0759185877
340320,25.94251511
340350,26.0429462312
340380,28.5636425211
340410,29.9865063065
340440,31.2678096721
340470,33.308418745
340500,33.4823631172
340530,34.4489660657
340560,32.6375021428
340590,33.932894967
340620,33.6897890414
340650,32.2262640779
340680,32.8931004704
340710,32.166682353
340740,30.4532124286
340770,30.1580851636
340800,30.5520004785
340830,29.39041952
340860,29.0125616886
340890,26.8573023304
340920,26.5805334304
340950,25.9289173333
340980,25.7406436132
341010,25.5522244721
341040,25.791168505
341070,23.457982246
341100,23.8398996701
341130,23.5083508875
341160,23.6110751767
341190,22.6365528761
341220,22.9734427803
341250,22.3026848101
341280,21.6820903307
341310,20.7935502894
341340,20.2867211521
341370,20.8414464796
341400,21.4435395842
341430,21.5143315481
341460,20.9017927034
341490,21.0922222298
341520,20.9904131669
341550,20.6274344859
341580,21.1959524859
341610,22.5492370271
341640,22.9113595968
341670,23.3510057158
341700,25.8017435364
341730,26.9858875344
341760,27.7107919344
341790,28.336337913
341820,29.92378992
341850,30.1475651835
341880,30.7664014987
341910,32.0793534765
341940,32.0939118631
341970,32.6963414148
342000,33.6260531466
342030,33.3020627179
342060,32.5373052343
342090,30.3895780213
342120,30.9512893999
342150,29.3399000549
342180,28.1634717908
342210,27.4752064453
342240,27.4089723942
342270,26.7727117067
342300,26.2424406043
342330,24.9865942352
342360,24.9988662715
342390,25.307364093
342420,23.9626614808
342450,24.5748726353
342480,22.7471164115
342510,22.8729827228
342540,23.1986354316
342570,22.0338273462
342600,20.7998440547
342630,19.114292859
342660,19.2755348612
342690,19.5389257283
342720,17.9178958509
342750,18.1415403373
342780,18.2037853544
342810,19.5737531008
342840,19.1106055494
342870,19.5294394506
342900,19.4006716639
342930,19.5284948047
342960,18.9809327767
342990,18.7987396693
343020,18.1323913661
343050,19.215256103
343080,19.6852312175
343110,19.7769228849
343140,22.0313006754
343170,22.2779302663
343200,25.2121880001
343230,26.336679246
343260,27.684579971
343290,29.0679624629
343320,29.5618356201
343350,29.8473759298
343380,30.7737401952
343410,31.071541565
343440,30.7010724674
343470,32.0582085411
343500,32.6657576941
343530,31.494424814
343560,31.4909118992
343590,31.4028413395
343620,30.6520677672
343650,30.622142155
343680,30.2281908522
343710,29.0326387651
343740,26.8899206552
343770,26.827409456
343800,27.3188666127
343830,27.84631784
343860,26.265675426
343890,26.1731800768
343920,25.6451324238
343950,25.1699008845
343980,23.8495823544
344010,23.6608852126
344040,22.7638037165
344070,22.8784474254
344100,21.8914904868
344130,21.8853406658
344160,20.3182695602
344190,19.9211927194
344220,19.9155080218
344250,18.7683720866
344280,19.2073110416
344310,20.3955555957
344340,20.3690798984
344370,19.9415262521
344400,19.9387144231
344430,20.3180259122
344460,20.5659683889
344490,20.6800367078
344520,21.4149313781
344550,22.6866596316
344580,23.8256592776
344610,24.8283849189
344640,26.2963091956
344670,28.8796071553
344700,32.4388626857
344730,32.4723493055
344760,33.5167180425
344790,35.7995898496
344820,34.0908010826
344850,34.9302208938
344880,36.5444271871
344910,35.0203677629
344940,34.6546342599
344970,34.5402825788
345000,34.6502882245
345030,35.4096444684
345060,36.1658428917
345090,33.5752368469
345120,31.2492591696
345150,30.7338424173
345180,29.7654419277
345210,28.3094224172
345240,26.6693760668
345270,26.8074684989
345300,26.2784381961
345330,26.7202388122
345360,25.1046359899
345390,24.1258839903
345420,24.2639136832
345450,24.091620555
345480,24.1164497385
345510,24.8090389102
345540,25.3248120264
345570,25.8764139619
345600,24.2153246155
345630,25.0228373248
345660,22.135244204
345690,23.1837323799
345720,22.8016361584
345750,21.830220648
345780,22.0076020803
345810,21.9419465123
345840,23.128411856
345870,24.1135501986
345900,25.7199267639
345930,24.0472428985
345960,26.2961970485
345990,28.9058423037
346020,27.4107623324
346050,28.5441352279
346080,28.5272778296
346110,29.3786991638
346140,29.773132617
346170,31.31954121
346200,32.426965904
346230,33.3213541432
346260,34.8983997076
346290,35.7098629018
346320,36.0656813438
346350,35.1702686444
346380,35.6243633657
346410,36.6822128398
346440,35.2095801126
346470,35.6698994571
346500,34.0041225958
346530,31.8671100453
346560,30.7770692471
346590,29.5211096265
346620,29.1359189421
346650,28.0607509861
346680,27.9493356197
346710,27.3432139256
346740,27.6922509025
346770,27.2945834085
346800,24.9287665029
346830,24.794047795
346860,23.6230421645
346890,24.0368616073
346920,21.693645523
346950,21.5022187084
346980,21.2336277111
347010,22.3420289326
347040,21.9067529941
347070,23.862971632
347100,22.5388702759
347130,22.909409982
347160,23.9041760118
347190,24.8442249722
347220,25.5915676945
347250,23.9822592982
347280,24.5209449684
347310,22.9952410125
347340,24.3409662587
347370,25.446880285
347400,26.6274425243
347430,29.1008524263
347460,30.1234401931
347490,30.2394757287
347520,32.2394013575
347550,32.8645440718
347580,32.8690450972
347610,33.9927303663
347640,36.2108065734
347670,37.5300023031
347700,37.9011565366
347730,37.6074759253
347760,37.6145387147
347790,38.6250863937
347820,38.048464264
347850,38.6148352406
347880,37.4775265118
347910,36.4156222683
347940,36.6449350773
347970,36.2634601517
348000,35.726263316
348030,35.1117561562
348060,35.6458915442
348090,34.8940796895
348120,33.1924695345
348150,32.8062112496
348180,32.9394569131
348210,31.0447300028
348240,31.3112060677
348270,29.8550279129
348300,29.0119000001
348330,29.4450888877
348360,29.4793318861
348390,29.3963179457
348420,27.7274293895
348450,27.2367275867
348480,25.8254249781
348510,24.3204793641
348540,25.1241470206
348570,24.9332027713
348600,23.8146374802
348630,25.7543404569
348660,25.3007532181
348690,24.0881823938
348720,24.4715395452
348750,25.1835256649
348780,24.5380635945
348810,25.8657610495
348840,26.6829928199
348870,28.1307589451
348900,29.8437307391
348930,30.952433546
348960,30.322615632
348990,31.8918550629
349020,33.2096563426
349050,33.8829468661
349080,35.1402370035
349110,37.1291573233
349140,36.6306453399
349170,37.2758737152
349200,37.4328378524
349230,36.6105480735
349260,36.2148692943
349290,34.6270006072
349320,36.2585967211
349350,36.1192163961
349380,36.431957097
349410,35.1262498188
349440,34.0363404139
349470,32.7033568708
349500,32.4350984649
349530,32.0796771973
349560,30.1315986084
349590,30.9210716696
349620,29.4397130928
349650,29.7086591503
349680,27.5363670866
349710,26.934397011
349740,24.4462019587
349770,24.5471512104
349800,22.9492741733
349830,22.2355182116
349860,21.1184295966
349890,21.1473454061
349920,21.7396324726
349950,19.8870371072
349980,20.7410086368
350010,20.1666928332
350040,20.7752130375
350070,20.6189378419
350100,22.1590618853
350130,23.5098010685
350160,24.1010086864
350190,24.6687284152
350220,22.6852641908
350250,24.2388436672
350280,25.0774991599
350310,25.1720945345
350340,25.4497610264
350370,29.0694319195
350400,30.417575632
350430,28.9996972968
350460,30.7372079713
350490,33.7357619631
350520,34.8055096568
350550,37.6727968309
350580,36.3712016822
350610,37.6405087426
350640,36.9341857049
350670,38.1209108936
350700,37.2171483307
350730,36.893417539
350760,38.9968617364
350790,38.9169592821
350820,36.8064925684
350850,37.6140412099
350880,36.4907885798
350910,36.1326738211
350940,35.6397825419
350970,35.0596047334
351000,34.3767059426
351030,33.4130536011
351060,32.7601285151
351090,31.9886606569
351120,31.3997936941
351150,30.6993952397
351180,30.192211612
351210,27.8807632572
351240,27.9784927354
351270,25.4379467195
351300,25.6273353243
351330,25.8721358671
351360,25.6235491417
351390,24.1125914109
351420,24.3780951621
351450,23.3016391644
351480,24.0196567517
351510,21.7898277222
351540,22.6606736382
351570,21.1935901194
351600,22.9374434996
351630,23.1710121656
351660,24.1702986529
351690,25.4492817383
351720,26.8672187949
351750,28.0539583841
351780,30.6016323652
351810,31.617656652
351840,30.4700907333
351870,32.7733507978
351900,32.9846490939
351930,34.4374286417
351960,36.086477971
351990,37.3284268894
352020,38.4845083133
352050,38.5844685036
352080,38.7700527251
352110,39.9517495635
352140,39.1911445245
352170,38.7308924845
352200,38.6010963943
352230,38.2347577179
352260,37.0722017062
352290,36.10250523
352320,34.8556736679
352350,34.1309149011
352380,33.6973462653
352410,33.5039951014
352440,32.6370764046
352470,31.6134977921
352500,30.807173535
352530,30.1083052409
352560,30.1481750211
352590,29.9655859032
352620,29.350002061
352650,29.1549097076
352680,28.1256194163
352710,28.453291966
352740,28.5626096774
352770,28.4623573763
352800,27.9127869769
352830,27.5033118558
352860,26.9024985872
352890,26.4994849188
352920,25.8434823679
352950,26.2501968623
352980,26.0774647934
353010,26.3972032659
353040,25.9238702724
353070,26.4888043562
353100,26.9394562638
353130,28.0468358517
353160,28.3943990247
353190,29.909089131
353220,30.8274096397
353250,31.9154129143
353280,33.1021122785
353310,34.8888764843
353340,36.2664572608
353370,37.4785011539
353400,38.6167515306
353430,39.5873195914
353460,40.4642912654
353490,40.7291315646
353520,41.3071769436
353550,41.3739192718
353580,40.850164352
353610,40.7375698392
353640,40.4483168894
353670,39.7185666067
353700,39.2597357464
353730,38.2534120874
353760,37.5915966081
353790,36.6858327161
353820,35.56688318
353850,34.4937862245
353880,34.212613094
353910,33.0456659023
353940,32.0617126685
353970,31.7198559103
354000,31.321106343
354030,30.9178336701
354060,30.6564331025
354090,30.0431990918
354120,28.7806543298
354150,28.5614147979
354180,27.9185444644
354210,27.1991379757
354240,26.7640197235
354270,26.6297089106
354300,25.3732315774
354330,24.7791059226
354360,25.4460618808
354390,25.4903420559
354420,25.3457700624
354450,25.7887397312
354480,25.6909625097
354510,26.7740956072
354540,27.5188524148
354570,28.1834202017
354600,29.0106111713
354630,29.9462379379
354660,31.0642908988
354690,32.3427173749
354720,33.6559840741
354750,34.934623721
354780,36.2040771727
354810,37.422331951
354840,38.5332536745
354870,39.4876271696
354900,40.253156715
354930,40.8083639065
354960,41.1497072194
354990,41.2450822189
355020,41.126118335
355050,40.6045130977
355080,39.9839602131
355110,39.3814917073
355140,38.620698478
355170,38.0017701305
355200,37.2102911589
355230,36.053762277
355260,35.4069034763
355290,34.4804254738
355320,33.6796681705
355350,33.0206835314
355380,32.3396381669
355410,31.7818933108
355440,31.2622091151
355470,30.7810069107
355500,30.3482712158
355530,29.916104757
355560,29.4349784043
355590,29.1654621732
355620,28.597757201
355650,28.4114463434
355680,28.0142502526
355710,27.5804502852
355740,27.2048675673
355770,26.7960366478
355800,26.4029415107
355830,25.527232066
355860,25.6225318143
355890,25.9788606455
355920,26.2812879536
355950,26.5724501269
355980,27.0672253817
356010,27.7415640323
356040,28.7036231184
356070,29.7300181827
356100,30.8663235799
356130,32.1224066008
356160,33.4238834107
356190,34.7462846617
356220,36.0300288855
356250,37.2912449323
356280,38.4128072538
356310,39.3842179674
356340,40.1747693688
356370,40.7620264884
356400,41.1311156433
356430,41.2769680248
356460,41.2047094117
356490,40.9278102333
356520,40.4681344283
356550,39.8538586994
356580,39.1137713991
356610,38.2929499852
356640,37.4167430479
356670,36.5220050675
356700,35.6389183882
356730,34.7937580147
356760,33.9885062907
356790,33.2759616644
356820,32.6330361872
356850,32.0576678381
356880,31.5456236359
356910,31.0879216051
356940,30.6696495904
356970,30.2755959692
357000,29.8913208636
357030,29.5048233038
357060,29.1078566662
357090,28.6969327125
357120,28.2754570553
357150,27.8510467698
357180,27.4383251994
357210,27.0565470196
357240,26.7288338255
357270,26.4808069587
357300,26.3382477137
357330,26.3253688937
357360,26.459390733
357390,26.7607517239
357420,27.2506235948
357450,27.8726273226
357480,28.668621511
357510,29.5867969042
357540,30.4032662619
357570,31.9735317724
357600,33.1007178079
357630,34.5780263408
357660,35.7026619471
357690,37.0951730874
357720,37.8133884502
357750,38.6408281867
357780,39.5170044489
357810,40.4244679021
357840,40.754448481
357870,40.8141151222
357900,39.9620693897
357930,39.6296497148
357960,38.9484129162
357990,38.4305418478
358020,38.2882712526
358050,37.3951517082
358080,36.5816497794
358110,35.6860146051
358140,34.5972506655
358170,34.1829934097
358200,33.2556856266
358230,32.6902845377
358260,32.0462114444
358290,31.4594295848
358320,30.9194033276
358350,30.481822991
358380,30.060964215
358410,29.6527246683
358440,29.2759433284
358470,28.8970502807
358500,28.5025656718
358530,28.0962745859
358560,27.68264437
358590,27.2623677623
358620,26.848844969
358650,26.4946368063
358680,26.1243549211
358710,25.9589378747
358740,25.834552347
358770,25.8437700105
358800,25.963539895
358830,26.2700492182
358860,26.819813699
358890,27.5261430168
358920,28.3538455655
358950,29.393396862
358980,30.4987593816
359010,31.702496061
359040,33.0012248291
359070,34.360071968
359100,35.7220210275
359130,36.9557955917
359160,38.0721186623
359190,39.0472974418
359220,39.8284264755
359250,40.4206837442
359280,40.7912344655
359310,40.9264489071
359340,40.8036844526
359370,40.4942877529
359400,39.8999608068
359430,39.473938123
359460,38.7270346167
359490,37.9423521159
359520,37.0568372236
359550,36.181366644
359580,35.2031977731
359610,34.4418232469
359640,33.4253258237
359670,32.817164687
359700,32.127171738
359730,31.265948884
359760,30.120294274
359790,30.4643614573
359820,30.0395379298
359850,29.7147053917
359880,29.0121391171
359910,28.9560724475
359940,28.0548465939
359970,26.8029432772
360000,25.6178142929
360030,25.9325626304
360060,25.6830190112
360090,25.4173467683
360120,25.0249032542
360150,25.0312070518
360180,24.4047818388
360210,24.1073231187
360240,23.3970180723
360270,24.404128045
360300,24.8020288302
360330,26.0470767446
360360,26.7755697142
360390,27.4266415605
360420,28.3674205178
360450,29.8977315574
360480,31.0094518251
360510,32.4632052476
360540,33.7845004109
360570,35.3436653703
360600,36.110187042
360630,36.9932218604
360660,36.7673928774
360690,36.7656326242
360720,38.7155244068
360750,39.2049729059
360780,38.8290550543
360810,38.8990086585
360840,38.678529509
360870,38.6459677564
360900,37.4155999893
360930,37.2864925832
360960,35.6788489487
360990,35.5824844953
361020,34.4220412754
361050,33.7403498807
361080,32.6536158398
361110,32.2477679126
361140,31.3787361319
361170,30.7332151575
361200,29.1203934409
361230,28.5016517225
361260,28.5036778642
361290,28.7648513288
361320,28.0629949614
361350,28.2818646285
361380,26.787584743
361410,26.6698042092
361440,25.8499477111
361470,26.3083703608
361500,25.3641168965
361530,25.1519520855
361560,24.9692445234
361590,24.977074541
361620,24.5660519214
361650,24.5927490329
361680,24.3592638896
361710,25.2681964513
361740,25.3178282028
361770,26.7110232697
361800,27.5846187948
361830,28.6848281862
361860,29.0587052545
361890,31.0306124118
361920,31.9367973374
361950,33.8116858239
361980,34.3057301017
362010,35.6836715353
362040,36.9482460673
362070,37.9591281145
362100,38.1580945928
362130,38.760315239
362160,38.8252537312
362190,39.1961332309
362220,38.0646926532
362250,38.2321792515
362280,37.8390646145
362310,37.4503439973
362340,36.6033463501
362370,35.877572872
362400,34.4964136183
362430,34.1385848735
362460,32.57522661
362490,31.373984506
362520,30.877616621
362550,30.2719186242
362580,29.5548387921
362610,29.3159855008
362640,29.038009047
362670,28.9378730235
362700,28.6551499614
362730,28.6953649967
362760,28.1442500627
362790,27.8179214262
362820,26.7662930756
362850,25.6927036547
362880,25.0863100624
362910,25.1015881328
362940,24.1663322773
362970,24.1886192731
363000,23.401436662
363030,24.1239844065
363060,24.2927264172
363090,25.1521870066
363120,24.8231303743
363150,25.7421485446
363180,26.0222296339
363210,26.9571404334
363240,27.0671122835
363270,27.647456331
363300,28.1868846778
363330,29.5827204038
363360,30.4188605434
363390,31.7666454592
363420,32.9300133992
363450,33.727567905
363480,34.3796659446
363510,36.209790079
363540,36.926017068
363570,37.8760286666
363600,37.9381050717
363630,37.5946678199
363660,38.0545377989
363690,38.0958828041
363720,37.9348632051
363750,37.4729325614
363780,36.1522144225
363810,35.9308959546
363840,34.9854776646
363870,34.1417936476
363900,33.0887688446
363930,32.1682268157
363960,31.2910791458
363990,31.4698706233
364020,30.2237041575
364050,30.3962341673
364080,29.0831692736
364110,28.4532825329
364140,27.8442395879
364170,28.0412473038
364200,26.2839553708
364230,26.4681457369
364260,26.3101361202
364290,25.9904292918
364320,25.4754159838
364350,24.9401860205
364380,24.4140357729
364410,24.406193276
364440,23.6536951908
364470,23.7637131083
364500,23.0515613695
364530,23.1692258778
364560,22.191967782
364590,22.2479726884
364620,22.7157992828
364650,23.8690245919
364680,24.5084644596
364710,26.1777406461
364740,27.0075853761
364770,28.2415197223
364800,30.1019754387
364830,31.8648936246
364860,33.0946656986
364890,34.7696390757
364920,35.9238549091
364950,37.5717165212
364980,37.8009156384
365010,39.0729769253
365040,40.0119986761
365070,40.1743672397
365100,39.3191390818
365130,39.4454287176
365160,38.90667445
365190,38.7296650214
365220,37.9416543573
365250,36.9400481955
365280,35.8872272843
365310,34.9969557036
365340,33.9360928163
365370,33.4425239161
365400,32.7435949671
365430,31.8393438029
365460,30.6416916248
365490,30.747855236
365520,30.0828365075
365550,29.8575691112
365580,29.3770545204
365610,28.6486343012
365640,27.0191655281
365670,27.1929175085
365700,26.4674517684
365730,25.7405462915
365760,25.1590768941
365790,24.4833300782
365820,24.629333274
365850,24.5344704196
365880,24.2348965399
365910,23.5855858171
365940,23.521984609
365970,23.9888394487
366000,23.3503909319
366030,24.3774012189
366060,24.7619919885
366090,25.7054364415
366120,26.3977171401
366150,27.5855101249
366180,28.3205754137
366210,30.6911538277
366240,32.0262155608
366270,33.3172243249
366300,33.9320435359
366330,35.6165000744
366360,36.9501267552
366390,37.8401105204
366420,37.9304973584
366450,39.1429845554
366480,39.3687848629
366510,39.2311281019
366540,38.3400365062
366570,38.4084076852
366600,37.7647651775
366630,37.3729745901
366660,36.7710984554
366690,36.4085530857
366720,34.5187447675
366750,33.6653498085
366780,32.7216170273
366810,32.1010815639
366840,31.0689441858
366870,31.1310220014
366900,30.3582626699
366930,30.1270217231
366960,28.6186064963
366990,28.3764696217
367020,28.0869928853
367050,28.0506141079
367080,26.7528180053
367110,26.9759695305
367140,26.5941595993
367170,26.4026935544
367200,25.9522586297
367230,25.7753942012
367260,25.5427270526
367290,25.3848582143
367320,24.8004382897
367350,24.8377380196
367380,24.7111697844
367410,24.6562015984
367440,24.8804934544
367470,25.2277229863
367500,25.6555913181
367530,26.346799605
367560,26.9095857559
367590,28.2225829717
367620,29.4518922603
367650,30.7080655961
367680,32.0198527656
367710,33.3228496724
367740,34.6524776066
367770,35.8885353373
367800,37.0087495527
367830,37.9801601209
367860,38.7580844243
367890,39.3031378037
367920,39.6749193596
367950,39.8390109194
367980,39.7613547129
368010,39.3888740079
368040,38.894898863
368070,38.3165158084
368100,37.2339678285
368130,36.8157082342
368160,35.9732572117
368190,35.0780472389
368220,34.138662145
368250,33.0037403096
368280,31.7335534464
368310,31.8455285971
368340,31.1732740583
368370,30.6185819294
368400,30.1127408083
368430,29.6464573524
368460,29.2036526117
368490,28.7716333255
368520,27.8876610136
368550,27.0924961586
368580,26.3409316683
368610,26.2299299135
368640,26.0437965803
368670,25.9148914736
368700,25.6091908035
368730,25.5437695559
368760,25.2724712972
368790,24.8708111392
368820,24.8655681223
368850,24.7822692198
368880,24.7595675399
368910,24.8975118072
368940,25.5989375308
368970,26.1287277388
369000,26.7960572747
369030,27.334723939
369060,28.3579139312
369090,28.8590278667
369120,30.7676737169
369150,31.7686060151
369180,33.2415018904
369210,34.323179964
369240,35.3030332016
369270,35.8650873063
369300,35.8100699455
369330,36.2704430661
369360,37.2474104275
369390,37.6462516849
369420,37.2743239275
369450,37.7421067024
369480,37.5231907159
369510,37.4917763999
369540,36.623571384
369570,36.2043191107
369600,35.4078335063
369630,34.5364849974
369660,33.6484883659
369690,32.7922497325
369720,31.9802646291
369750,31.1988067093
369780,30.6108186814
369810,30.0326388167
369840,29.5162758311
369870,29.0536726112
369900,28.6318338276
369930,28.2364037629
369960,27.8525053717
369990,27.4683947689
370020,27.0753476679
370050,26.6678020372
370080,26.2505161369
370110,25.8309567273
370140,25.4280729654
370170,24.9130178847
370200,24.5682700506
370230,24.4440828438
370260,24.1999165786
370290,24.1450555038
370320,24.1394677285
370350,24.7025255532
370380,25.2956636009
370410,26.0725048879
370440,26.8794916604
370470,27.8268439682
370500,29.0834237361
370530,30.0299989433
370560,30.8679462888
370590,32.7203063832
370620,33.9204631789
370650,35.247089793
370680,36.2126582631
370710,37.2685038629
370740,38.3286955023
370770,38.9256554485
370800,39.0059887533
370830,39.1248605027
370860,38.8353169477
370890,38.9081049327
370920,38.2387356787
370950,37.9209609924
370980,36.9585941021
371010,36.430227974
371040,35.4021123974
371070,34.6239661805
371100,33.7246796454
371130,32.5036644263
371160,31.7108426857
371190,30.8766486942
371220,29.5460523457
371250,29.2646957742
371280,29.2973453146
371310,28.7443870997
371340,27.6007057115
371370,26.6608456607
371400,26.9013220379
371430,26.8466716081
371460,26.978735452
371490,26.6408169877
371520,26.059341614
371550,25.7388459517
371580,25.0938499537
371610,24.7039335384
371640,24.4524747932
371670,23.301748477
371700,23.3130894862
371730,24.1029776462
371760,24.4731244273
371790,24.462209929
371820,24.69629844
371850,25.9280137412
371880,26.829448508
371910,27.7536943701
371940,28.7352292123
371970,30.1507893827
372000,31.428477906
372030,32.7132732363
372060,33.956467908
372090,35.2301776482
372120,36.3733015318
372150,37.3467558545
372180,38.1189388741
372210,38.6795600729
372240,39.020164448
372270,39.1392709796
372300,39.0401478459
372330,38.737152488
372360,38.2514553418
372390,37.6127719788
372420,36.8472180217
372450,36.0033814723
372480,35.1119150215
372510,34.1976753317
372540,33.2940036376
372570,32.4338902596
372600,31.633583918
372630,30.8991619831
372660,30.2328976566
372690,29.6528452921
372720,29.1305378808
372750,28.6701815102
372780,28.2466003813
372810,27.8480077602
372840,27.0346020476
372870,26.5006850905
372900,25.982986031
372930,26.1845709347
372960,25.8511170179
372990,25.3285081424
373020,24.5291982379
373050,24.5628025246
373080,23.6576024738
373110,23.9971526443
373140,24.0068192596
373170,23.9490888193
373200,24.1047255269
373230,24.3014939765
373260,24.4056926639
373290,24.8328454643
373320,25.7385957776
373350,27.3126139426
373380,28.4753184379
373410,29.8220905465
373440,31.025044875
373470,32.2392239876
373500,33.6853987719
373530,35.0903840453
373560,36.2289163424
373590,37.2065003193
373620,38.0057877414
373650,38.5879929402
373680,38.9573822805
373710,39.1135621386
373740,39.0355230954
373770,38.7557972881
373800,38.2104225231
373830,37.4421864008
373860,36.6837802474
373890,35.9776658976
373920,35.0911974778
373950,33.7631308419
373980,32.9289700288
374010,32.1521567591
374040,31.8051245689
374070,31.0669905365
374100,30.4496532056
374130,29.7883695836
374160,29.370008438
374190,28.9151139143
374220,28.4929849721
374250,28.1022140379
374280,27.7175660358
374310,27.3307301337
374340,26.9331371485
374370,26.5215615565
374400,26.0976226224
374430,25.6739044482
374460,25.256614728
374490,24.8707609993
374520,24.5349966315
374550,24.2893653314
374580,24.1182496567
374610,24.1421478576
374640,24.1872059681
374670,24.5609728274
374700,25.0348810457
374730,25.7097257307
374760,26.544460783
374790,27.5171699659
374820,28.4370222755
374850,29.5291836274
374880,30.5740017295
374910,31.3351643676
374940,32.518641725
374970,33.6074141804
375000,34.4373608486
375030,35.5318929814
375060,35.9717334785
375090,36.2775268749
375120,36.1752242552
375150,36.4875790264
375180,36.6858740759
375210,36.5726001065
375240,35.7847544894
375270,34.8101176546
375300,33.7614521651
375330,33.0501129955
375360,31.6847718986
375390,31.5133005794
375420,30.3507121766
375450,30.0205646224
375480,29.5771172837
375510,29.6582684203
375540,28.5436585212
375570,27.8489145255
375600,26.7930065737
375630,26.8600444398
375660,25.9952209112
375690,25.3574508117
375720,24.4497936118
375750,24.092404738
375780,21.4206723129
375810,22.098007915
375840,21.5661323513
375870,20.7488326877
375900,20.3929745852
375930,21.0401514839
375960,20.5437139639
375990,19.9704694995
376020,20.0522354742
376050,20.310933509
376080,19.7542932084
376110,19.5052914972
376140,20.0882072937
376170,21.7309719045
376200,23.0933111015
376230,22.7452985483
376260,22.4060392806
376290,23.5257105131
376320,24.6413899273
376350,27.3438010399
376380,26.1809375093
376410,29.0155741766
376440,29.2945665565
376470,29.3662581685
376500,29.5437604274
376530,30.6870122318
376560,29.1081198713
376590,26.7290345597
376620,26.6545395074
376650,29.8731333987
376680,28.080743318
376710,29.7863653534
376740,29.5975789716
376770,28.8545895732
376800,28.3362287447
376830,28.8532321961
376860,27.4789412424
376890,26.8453104386
376920,25.3950634539
376950,25.7209398546
376980,25.000593987
377010,25.1947288962
377040,24.3782513802
377070,25.3900290476
377100,25.1060868209
377130,24.2362602285
377160,24.6109929488
377190,24.0480415988
377220,24.1824891156
377250,23.3711634732
377280,23.3286610408
377310,22.4246943306
377340,22.2960224305
377370,22.2253916356
377400,21.6115262621
377430,21.7233129933
377460,20.8812738343
377490,21.222961654
377520,21.0801437723
377550,22.2367029455
377580,22.9687170477
377610,23.1383492137
377640,23.3655687389
377670,24.1710634016
377700,24.8202552869
377730,26.4281331606
377760,27.9732314283
377790,29.4776375533
377820,30.2412283161
377850,31.8537891986
377880,33.2516129129
377910,34.1182926315
377940,34.3159466025
377970,34.6965557604
378000,34.3181019498
378030,35.6882532815
378060,35.3396444121
378090,36.2817545312
378120,36.1182525967
378150,35.9284145535
378180,34.1959964561
378210,33.4693593242
378240,32.552086392
378270,31.5529602608
378300,30.7321859098
378330,29.8694038794
378360,28.1509198843
378390,27.3175209403
378420,27.317510745
378450,27.1885117991
378480,26.3829476212
378510,26.1288679331
378540,24.9588635886
378570,24.754892927
378600,24.2692894788
378630,23.7950442022
378660,22.3992953355
378690,22.6023473693
378720,21.9677839289
378750,22.2127389446
378780,21.7976044025
378810,21.3702826783
378840,20.6976300293
378870,21.4891959869
378900,20.5436236352
378930,21.120964216
378960,21.7056927951
378990,22.2573589035
379020,22.4614206799
379050,23.37334207
379080,24.1773613116
379110,25.3544684526
379140,26.3240126609
379170,27.8130066966
379200,29.1012074055
379230,30.7045608691
379260,31.3111418153
379290,32.7686029768
379320,32.8311035589
379350,34.6020379574
379380,35.4727862296
379410,36.2908954906
379440,36.2688563234
379470,35.600539538
379500,35.6199988561
379530,35.3558021529
379560,35.2806628365
379590,35.011420859
379620,34.3008974894
379650,32.7114766729
379680,30.7189667904
379710,29.3848673706
379740,28.4593666553
379770,28.180317435
379800,26.9662708055
379830,26.4880384562
379860,25.2101647243
379890,25.4639042662
379920,24.8419192275
379950,24.0209573489
379980,23.3952130551
380010,23.2148260462
380040,22.2624234802
380070,21.0764128332
380100,20.7838093034
380130,20.3691545091
380160,20.0927053623
380190,19.652552634
380220,19.8979525583
380250,19.138129513
380280,16.4968050522
380310,16.9457161178
380340,17.6877436119
380370,17.7056255431
380400,17.7567853721
380430,18.4569635622
380460,17.5621091489
380490,18.2700869115
380520,19.2558417324
380550,20.0407698901
380580,21.5019649618
380610,23.1536896761
380640,24.3299449488
380670,25.6969556386
380700,25.4327306093
380730,29.2135662185
380760,28.7791985005
380790,29.4481157757
380820,28.7566724489
380850,30.7983850429
380880,30.7580731374
380910,31.5012854821
380940,27.465496942
380970,29.0927024649
381000,26.6202249367
381030,24.393136314
381060,27.1607459118
381090,26.6626083154
381120,26.4594348256
381150,25.3334988763
381180,18.6333466707
381210,21.2078256103
381240,18.3998622878
381270,19.495919494
381300,19.5740287788
381330,19.0994709365
381360,17.2328180427
381390,16.5138542963
381420,15.4549236764
381450,18.4434405188
381480,14.8988251203
381510,15.8979854374
381540,12.6569857646
381570,14.9900677724
381600,15.5421254261
381630,17.8614348931
381660,17.5057856719
381690,18.5554741089
381720,16.8314790134
381750,16.5773177553
381780,16.4201078793
381810,16.6093613943
381840,15.9946814067
381870,17.8857742882
381900,18.3711699498
381930,19.6603058148
381960,18.6110596472
381990,20.2906017646
382020,19.2694373118
382050,22.6105577569
382080,21.886661037
382110,24.0442819122
382140,25.7072201973
382170,28.5839543187
382200,29.6236852925
382230,30.8288574145
382260,30.4861074955
382290,31.5418750448
382320,29.1348969403
382350,29.8226442599
382380,29.9103315875
382410,30.40250777
382440,29.3381562642
382470,30.195216857
382500,29.7847703896
382530,29.480059715
382560,29.1061074456
382590,26.9813135219
382620,25.7934753663
382650,24.6783315782
382680,21.5594503684
382710,22.6846095852
382740,22.3170509168
382770,20.7242242965
382800,20.6082060225
382830,21.3224670024
382860,21.9416692513
382890,23.1779806974
382920,22.4923059913
382950,23.2035657967
382980,23.4703420812
383010,23.1303813209
383040,21.6592543693
383070,22.2672963121
383100,20.6962327295
383130,20.7147095653
383160,19.3163803614
383190,18.9692825852
383220,18.350307716
383250,18.7834467841
383280,18.9036087212
383310,20.2737570033
383340,21.038449917
383370,20.947053006
383400,19.2453168178
383430,21.194612481
383460,22.6187532655
383490,24.3799676675
383520,24.1440147363
383550,25.5963714367
383580,26.5413489015
383610,29.2489829971
383640,31.0735412271
383670,31.9299756343
383700,32.0090548917
383730,32.70208832
383760,31.6182182418
383790,30.5029276602
383820,29.9686729276
383850,30.8938762608
383880,29.0550776893
383910,30.3975096258
383940,28.7757117226
383970,29.8207930831
384000,28.4480250141
384030,28.2480466021
384060,26.4592235423
384090,25.7567337848
384120,25.1639040943
384150,25.7225534786
384180,25.5621074051
384210,24.106083984
384240,23.0502919
384270,22.5469627827
384300,22.1921305769
384330,20.231045843
384360,18.9065975236
384390,18.9390956235
384420,19.8132618831
384450,19.3761736757
384480,18.0161996162
384510,18.2660085848
384540,17.347500991
384570,18.0882950149
384600,18.0884727903
384630,18.4749095605
384660,16.8641443912
384690,16.9345721007
384720,18.2327549348
384750,18.5651580856
384780,19.3436016621
384810,20.4962991698
384840,20.9700260777
384870,22.4295409683
384900,23.6001107237
384930,25.4363225659
384960,27.0035231333
384990,28.7800548283
385020,29.4538413866
385050,31.4097542402
385080,32.7701644561
385110,33.3139151961
385140,33.7773959415
385170,34.7745282024
385200,33.6676911842
385230,33.1248408472
385260,34.0528837234
385290,32.5928906348
385320,31.337139422
385350,29.8062348886
385380,29.0700985067
385410,29.9239689372
385440,28.567882743
385470,27.5215742774
385500,26.5487965809
385530,24.0397518278
385560,24.1241630028
385590,23.0676914569
385620,22.6525096992
385650,21.3942148399
385680,23.2901197896
385710,23.6143138463
385740,22.1069314998
385770,22.2854004839
385800,22.2974709399
385830,22.0785261171
385860,21.9407637711
385890,20.7667262323
385920,19.2554763604
385950,18.7756673312
385980,18.4837378591
386010,18.7532713831
386040,18.1611296487
386070,17.9179457537
386100,16.6234769012
386130,16.9308142988
386160,17.093078406
386190,17.0812464448
386220,16.7494708104
386250,18.0014895433
386280,20.1254507404
386310,21.3857677192
386340,22.7176166095
386370,23.2566327832
386400,23.4331475413
386430,26.3204546441
386460,27.4560899881
386490,29.5353200492
386520,30.3998648751
386550,31.5966804859
386580,31.4007995752
386610,31.9444309091
386640,31.9207258211
386670,32.1298095683
386700,31.5657199358
386730,31.5838062323
386760,30.3332976612
386790,31.6275515581
386820,30.4096170342
386850,29.5071080721
386880,28.6586331484
386910,28.516259617
386940,27.4298545525
386970,27.3078620571
387000,25.5358214634
387030,25.254789703
387060,24.7573841281
387090,24.5466376038
387120,23.1876512666
387150,23.3714448568
387180,23.0189387336
387210,22.7942569254
387240,22.6624363618
387270,21.9015800954
387300,21.1656595518
387330,20.868059017
387360,20.1904306872
387390,18.8417532358
387420,18.0961174106
387450,19.5989504963
387480,19.6715661406
387510,19.6283582013
387540,19.7801980672
387570,20.0756547541
387600,19.5871638599
387630,20.0620049703
387660,19.5425235869
387690,20.6374814202
387720,20.4040929941
387750,22.0482348727
387780,23.2220651606
387810,23.9733645429
387840,25.5447648941
387870,27.2574402181
387900,28.1494076426
387930,30.2035934253
387960,29.8504731871
387990,32.0458496422
388020,33.3463025705
388050,34.7725191804
388080,35.0972635613
388110,35.536572656
388140,34.9543059755
388170,34.8501811357
388200,34.4741989362
388230,34.2372661384
388260,33.0747079698
388290,32.1316786605
388320,31.7606295861
388350,31.6361814878
388380,30.0165110177
388410,29.1272323252
388440,28.4538301177
388470,27.7099970988
388500,26.4304949281
388530,26.1109457224
388560,25.9795899903
388590,25.3176634546
388620,25.0659406558
388650,25.5172174492
388680,25.2025106902
388710,24.8396287185
388740,24.3507082812
388770,23.9758077138
388800,23.116446895
388830,22.963552007
388860,22.0121621822
388890,22.1248587906
388920,21.1318902464
388950,20.9826628733
388980,20.8469031968
389010,21.0233634355
389040,21.6432981416
389070,21.8658584806
389100,22.1449641883
389130,23.0674011301
389160,23.6482618005
389190,24.7550119762
389220,25.3467242919
389250,26.3244449247
389280,27.3710242251
389310,29.0874954809
389340,30.7231337211
389370,32.4558125154
389400,33.321978503
389430,33.6866714354
389460,34.5438792061
389490,34.8713217511
389520,34.8107155158
389550,34.733663963
389580,34.559367571
389610,34.5488027683
389640,34.2520315537
389670,33.6950422758
389700,33.389890205
389730,33.1271987756
389760,32.1533446778
389790,31.2435078566
389820,30.2657581465
389850,29.2185967528
389880,28.0374094039
389910,28.3949594001
389940,27.4131825887
389970,27.0464607545
390000,26.2406105471
390030,25.572686445
390060,25.0977173675
390090,25.275107262
390120,24.7707021829
390150,24.250209218
390180,23.9863875722
390210,23.3727880023
390240,23.1358710514
390270,22.9294929203
390300,22.5325689905
390330,22.2182975053
390360,21.9145036848
390390,21.686757111
390420,21.5622879722
390450,21.5589741658
390480,21.7282481213
390510,22.0528218286
390540,22.5623267128
390570,23.2470120212
390600,24.1039944064
390630,25.112714007
390660,26.2620801157
390690,27.4919005825
390720,28.8050213355
390750,30.1367632547
390780,31.4217996022
390810,32.644031914
390840,33.7876496084
390870,34.7562200388
390900,35.5377370387
390930,36.1314520638
390960,36.4598682083
390990,36.6434133026
391020,36.5702945274
391050,36.2965518012
391080,35.8371351027
391110,35.2217064613
391140,34.4826997744
391170,33.6584995854
391200,32.7799981072
391230,31.8854103006
391260,31.0010144697
391290,30.1516136183
391320,29.3653546911
391350,28.6428659227
391380,27.9908952681
391410,27.4147246473
391440,26.8967504227
391470,26.4294637868
391500,26.0107521827
391530,25.6253374288
391560,25.2433887543
391590,24.8558124529
391620,24.4575383836
391650,24.0455859115
391680,23.6173744034
391710,23.1979144079
391740,22.7838263494
391770,22.4001509391
391800,22.0729734027
391830,21.8239199319
391860,21.6804294153
391890,21.6671179437
391920,21.8051908955
391950,22.1106851252
391980,22.5929121379
392010,23.2532760056
392040,24.0848543436
392070,25.071530988
392100,26.1891023285
392130,27.405815549
392160,28.683817375
392190,29.9809517733
392220,31.2528461931
392250,32.4551655876
392280,33.5458925458
392310,34.4874812867
392340,35.2487770519
392370,35.8057372035
392400,36.1451846369
392430,36.2565868012
392460,36.1622162919
392490,35.8578894872
392520,35.3673910022
392550,34.737133165
392580,33.9772440575
392610,33.130863759
392640,32.234177096
392670,31.3204768461
392700,30.4191410397
392730,29.5581665672
392760,28.7537334508
392790,28.0189320095
392820,27.359259308
392850,26.7730674261
392880,26.2536582916
392910,25.7897738806
392940,25.3673309309
392970,24.9711147704
393000,24.5867158172
393030,24.2018657153
393060,23.8079957871
393090,23.4030908274
393120,22.9887509276
393150,22.5729582478
393180,22.1712571969
393210,21.7967882279
393240,21.4802483856
393270,21.2514608353
393300,21.1286747435
393330,21.136977853
393360,21.293500842
393390,21.620887141
393420,22.1274234425
393450,22.7332085671
393480,23.6339428105
393510,24.5971749945
393540,25.8028046711
393570,27.0095648951
393600,28.3742905456
393630,29.6239828632
393660,30.9908545722
393690,32.2347282608
393720,33.3552809911
393750,34.3263721768
393780,35.1167188022
393810,35.6986024357
393840,36.0603726545
393870,36.2038988154
393900,36.1409430404
393930,35.8533881913
393960,35.4014517332
393990,34.7792971894
394020,34.0482884945
394050,33.2228439414
394080,32.3464352589
394110,31.4514704145
394140,30.567355401
394170,29.7210917804
394200,28.9261540803
394230,28.1920952967
394260,27.5466094108
394290,26.9367548495
394320,26.4218632947
394350,25.9830197015
394380,25.5772298426
394410,25.1864248126
394440,24.8057077352
394470,24.4206347992
394500,24.0226232362
394530,23.6026481274
394560,23.1882030106
394590,22.7628352513
394620,22.3489932078
394650,21.9661037014
394680,21.6373301964
394710,21.3881520857
394740,21.2446137467
394770,21.2311906427
394800,21.3692730056
394830,21.674565227
394860,22.156868325
394890,22.8172849119
394920,23.6487247887
394950,24.6353391356
394980,25.7528513242
395010,26.9695068117
395040,28.2474534232
395070,29.5445270522
395100,30.8163676275
395130,32.0186002587
395160,33.1092683429
395190,34.0507946871
395220,34.8120944261
395250,35.3698666078
395280,35.7099794987
395310,35.8277051758
395340,35.727984021
395370,35.4244865596
395400,34.9384800816
395430,34.2996781992
395460,33.5399201024
395490,32.6936851305
395520,31.7970132537
395550,30.8832361367
395580,29.9828309273
395610,29.1208976185
395640,21.7583262677
395670,23.0444809165
395700,22.5606457846
395730,22.6921146692
395760,22.6131198347
395790,23.2860780804
395820,22.0426070809
395850,21.715497001
395880,20.6406873351
395910,18.4254179538
395940,18.4183029053
395970,19.4004170484
396000,19.9196314861
396030,19.6577971077
396060,20.0406355894
396090,19.0468898119
396120,19.285004815
396150,20.1100671863
396180,20.3080082923
396210,20.2357479213
396240,19.8708603217
396270,18.7466131167
396300,20.5857713889
396330,20.1396288277
396360,21.16608623
396390,20.0481449527
396420,21.8980047353
396450,22.418574533
396480,22.7483490749
396510,24.5858593948
396540,25.8471490978
396570,26.8755859227
396600,28.5997655156
396630,28.4321942598
396660,30.0628689748
396690,28.9264454763
396720,28.7548145838
396750,27.0973449239
396780,28.649612513
396810,25.1285074604
396840,24.7345242172
396870,24.5696612502
396900,23.2079842464
396930,21.4674412863
396960,23.7119209373
396990,21.881775908
397020,22.3466212574
397050,21.7537057164
397080,20.8157895132
397110,19.7201161108
397140,21.0012833279
397170,21.1562276817
397200,21.1121738125
397230,18.9652574772
397260,19.8594874063
397290,19.723013092
397320,19.1860853231
397350,19.426577317
397380,20.4048011088
397410,19.4518299288
397440,19.3400258574
397470,18.5082636961
397500,18.8417422703
397530,18.197751094
397560,16.3772709834
397590,14.4067866969
397620,16.4584735423
397650,17.1894739056
397680,15.6872768382
397710,14.2341578287
397740,15.7678856141
397770,15.4821348803
397800,15.8544510243
397830,13.9711028094
397860,15.8032298063
397890,18.1038394496
397920,18.3651151546
397950,19.405070381
397980,23.4256447507
398010,21.3300072999
398040,24.8065968015
398070,24.0745537366
398100,25.766173787
398130,25.6426976281
398160,27.4926180431
398190,28.9054078637
398220,29.4489896965
398250,27.9157742139
398280,29.7481585506
398310,28.4436690799
398340,28.4859720633
398370,26.7210895008
398400,26.2977603814
398430,24.532378823
398460,24.3500064312
398490,23.5402728758
398520,22.6261731332
398550,21.3049518617
398580,20.2589253112
398610,20.648403201
398640,20.286247208
398670,19.0450841061
398700,18.5817881705
398730,16.2486103181
398760,16.6181681437
398790,16.1373392469
398820,18.3923367274
398850,17.7948157106
398880,16.3089923451
398910,17.6566747566
398940,16.4531893132
398970,15.1723069601
399000,15.2538260739
399030,14.8271688549
399060,15.6362666723
399090,13.1739819043
399120,13.6305260425
399150,13.1453243226
399180,13.6739075473
399210,14.6464127479
399240,15.9307886879
399270,18.8722945768
399300,20.2253868885
399330,21.293126164
399360,22.6699181099
399390,24.0767766156
399420,25.6307643974
399450,27.4156969176
399480,28.2693998407
399510,29.5272944549
399540,29.8421823657
399570,30.8965524902
399600,31.0172869976
399630,31.2065857737
399660,30.218856781
399690,29.4391926329
399720,29.9425389179
399750,28.4443420057
399780,26.4839118511
399810,24.217423646
399840,25.5640114078
399870,23.5149095437
399900,25.1193690877
399930,22.6834275891
399960,23.7466441669
399990,21.251280816
400020,19.9001847177
400050,18.259319215
400080,18.962460169
400110,16.769167352
400140,17.5600272509
400170,16.7624842728
400200,17.3373607294
400230,14.0868373974
400260,17.7499143058
400290,16.7984465622
400320,17.7057192061
400350,17.6192377195
400380,18.2072803074
400410,18.2343860921
400440,18.7580046608
400470,17.9414143034
400500,18.0869658411
400530,18.4336223728
400560,19.1549617737
400590,18.645267933
400620,19.4368304543
400650,19.4618193381
400680,20.0039686576
400710,19.0004940964
400740,19.1642853624
400770,21.0749134522
400800,24.1156313708
400830,24.2519486052
400860,26.4085566532
400890,24.7791533702
400920,26.0173787235
400950,26.3060056845
400980,27.5784552917
401010,29.0538612602
401040,29.9442792939
401070,29.9649463745
401100,30.5879190183
401130,30.1299482695
401160,29.9481849971
401190,28.4753205535
401220,27.9224573129
401250,27.2210702405
401280,25.4873094154
401310,24.7479786503
401340,23.5993065779
401370,23.5661429667
401400,23.0809727448
401430,23.162006038
401460,21.2174399012
401490,22.0616849504
401520,21.6552153154
401550,21.4868520521
401580,21.0860568286
401610,20.3637107571
401640,20.6699123577
401670,21.112925441
401700,21.2852374881
401730,20.7555063969
401760,21.2830941207
401790,21.1318016808
401820,18.8367136267
401850,18.3705171179
401880,18.8881274066
401910,20.1349617946
401940,19.7595948189
401970,20.1611083514
402000,20.7292370879
402030,20.6934285722
402060,20.5522871933
402090,20.7136607837
402120,21.5439913577
402150,22.0861333979
402180,23.0134273398
402210,23.9785462486
402240,25.1192873593
402270,25.4696865255
402300,26.37836691
402330,27.3047565119
402360,29.8196506166
402390,30.8584985917
402420,30.3499817347
402450,31.023092458
402480,31.0918078218
402510,31.194607364
402540,31.3639414358
402570,32.0336675653
402600,30.7721170501
402630,28.5326626634
402660,25.8341869063
402690,25.9421887895
402720,26.1400167475
402750,25.8849211812
402780,23.7094533141
402810,23.6792845019
402840,23.6949284274
402870,22.6351666843
402900,21.794044247
402930,20.0375218651
402960,19.7409851414
402990,19.8523877164
403020,17.398055495
403050,16.0020795413
403080,17.9983244719
403110,17.1524849117
403140,18.990796059
403170,20.0366707813
403200,19.9390724594
403230,18.9881788747
403260,17.0344373648
403290,16.8465910583
403320,17.4458693017
403350,16.4442354251
403380,16.9714732789
403410,14.6265826068
403440,16.7229835761
403470,16.1266016567
403500,15.0694833839
403530,15.9077420583
403560,15.9116023298
403590,17.2539529404
403620,18.4955196536
403650,20.0773206452
403680,23.0073053746
403710,22.6695835827
403740,23.0205799734
403770,23.9449690767
403800,25.4955056711
403830,24.8453402078
403860,25.1381294005
403890,25.1058406941
403920,24.010296363
403950,24.477091007
403980,24.7323416125
404010,24.8369977857
404040,24.9978768204
404070,25.4358631948
404100,25.1688747348
404130,24.8010346355
404160,23.2107037204
404190,22.4223887385
404220,21.4447854893
404250,19.3424127734
404280,19.2314476254
404310,18.4463376629
404340,18.9912651452
404370,17.0525150504
404400,20.4598656585
404430,17.8862028504
404460,19.164960093
404490,16.7304626815
404520,17.5967991738
404550,17.0834978787
404580,16.4169599778
404610,16.2074470133
404640,16.8398950038
404670,16.4105537285
404700,16.1859130399
404730,14.5109853168
404760,16.1738187651
404790,14.2542731623
404820,15.9066886312
404850,14.933480579
404880,15.1770988504
404910,14.637200531
404940,13.9801415963
404970,15.6482056791
405000,13.7201397037
405030,14.9723909956
405060,15.9605946888
405090,18.1092636526
405120,19.4958638746
405150,20.50875635
405180,24.0562039491
405210,26.083042704
405240,26.1856801368
405270,27.1191669028
405300,27.7386362446
405330,26.2056836156
405360,27.0818625655
405390,25.5864432731
405420,25.2891268323
405450,27.0880990778
405480,27.1788184116
405510,28.0798595473
405540,26.8861816835
405570,24.6541471802
405600,26.7309299598
405630,25.3237699982
405660,23.7006114907
405690,22.2172243889
405720,21.9609257881
405750,18.806775349
405780,21.1433431882
405810,20.6539304963
405840,21.134454437
405870,19.8835598349
405900,19.3925591369
405930,20.4899070426
405960,18.0114360308
405990,17.2186403163
406020,19.2078047424
406050,18.6915775615
406080,16.9593385996
406110,15.9210759932
406140,16.7841590905
406170,15.4570318585
406200,15.1209278719
406230,13.5952917511
406260,11.9885397003
406290,12.8834885384
406320,13.0734022094
406350,9.19791422283
406380,11.8757985803
406410,12.220298543
406440,13.2806456313
406470,12.3816276623
406500,15.8415913124
406530,17.0441598366
406560,18.7431916248
406590,20.476478287
406620,22.8980935144
406650,24.7176531188
406680,25.8656288431
406710,27.2747929152
406740,28.5915083156
406770,28.5175945136
406800,29.2874736861
406830,29.622771842
406860,29.407618678
406890,28.8136841729
406920,28.322358345
406950,26.4291194831
406980,26.3500620764
407010,26.1659235283
407040,24.7953706633
407070,23.6647516303
407100,24.3358263322
407130,21.6754221664
407160,20.660361786
407190,18.7612699155
407220,19.2172954153
407250,19.1601766966
407280,18.9309143789
407310,18.3305979771
407340,17.8056446309
407370,15.4062138846
407400,16.9165133784
407430,17.3954059536
407460,16.0379822015
407490,16.355731893
407520,18.4765703263
407550,17.9809313941
407580,18.1185488412
407610,18.2634544589
407640,19.1375688234
407670,17.9546285676
407700,17.771687447
407730,17.2562149971
407760,17.1835832628
407790,18.5786729388
407820,18.8053159304
407850,17.9950471663
407880,20.1452728962
407910,19.0117614461
407940,20.1318885702
407970,20.4153762488
408000,21.94380693
408030,22.5143550034
408060,24.2240531226
408090,24.2092946131
408120,25.9216264839
408150,27.1055796439
408180,28.6883821527
408210,28.5863569226
408240,29.8093935484
408270,29.9872837554
408300,29.5579531708
408330,29.6421717964
408360,28.387574627
408390,28.3528788106
408420,27.5169673326
408450,26.9897287536
408480,27.0096930525
408510,25.6556699409
408540,24.1857469684
408570,23.6174277049
408600,23.1343425071
408630,22.5203666068
408660,22.7591758292
408690,23.4580793873
408720,24.0411928696
408750,23.175519612
408780,22.9050389526
408810,21.9650417727
408840,21.7976879339
408870,21.0331067752
408900,20.5861219576
408930,19.0091706179
408960,18.9627083464
408990,18.3366685804
409020,19.9718494096
409050,18.75908651
409080,17.3015476025
409110,17.5028341748
409140,16.300176795
409170,15.6804431157
409200,16.4428617537
409230,16.3663514585
409260,16.5696142982
409290,15.92529352
409320,16.3813059901
409350,15.1128426318
409380,16.8544899226
409410,19.2503296899
409440,20.6493446651
409470,22.3828776924
409500,23.372032058
409530,24.9100329656
409560,25.0629471774
409590,26.3497171108
409620,26.6881392092
409650,26.7008963683
409680,26.8546276462
409710,25.5997997567
409740,24.6290936692
409770,26.0705548255
409800,26.8096267945
409830,26.3755116888
409860,25.3007917262
409890,26.1643386281
409920,25.0225301811
409950,24.2570362711
409980,23.5441985802
410010,22.7988234617
410040,22.7372579885
410070,20.9273641858
410100,20.1240116101
410130,18.8403089117
410160,18.0985431857
410190,18.7551903784
410220,17.1021591918
410250,18.1314575896
410280,18.0299431324
410310,18.1924139149
410340,15.9579304212
410370,14.3238143933
410400,14.0175134811
410430,11.8149061652
410460,11.7721805271
410490,9.39021627867
410520,7.42075060801
410550,8.07861196287
410580,8.07285465353
410610,9.27673782322
410640,8.51453519066
410670,7.79004151562
410700,7.72570221555
410730,7.93589427944
410760,8.7184707459
410790,8.93308933819
410820,11.7257317807
410850,12.9849507799
410880,12.3276995506
410910,14.1429310887
410940,14.4120947222
410970,14.622403852
411000,15.2833729286
411030,16.6968389505
411060,18.9262485077
411090,19.2497666803
411120,20.4605491923
411150,19.6190688288
411180,21.1546070968
411210,19.9502725309
411240,20.9746767001
411270,20.5551716432
411300,21.0774999668
411330,21.8520648032
411360,23.4572788965
411390,17.4448533171
411420,16.6458718179
411450,17.5602111347
411480,18.1076141762
411510,18.4967202915
411540,18.5919593241
411570,15.7308736287
411600,15.2234565682
411630,14.1159731261
411660,15.2031473056
411690,16.3507117887
411720,16.2821970863
411750,17.6111283749
411780,17.7364732195
411810,18.1132578551
411840,16.6945748845
411870,15.3642774454
411900,15.4832284703
411930,14.3070068237
411960,13.3256961302
411990,13.0209808196
412020,10.8993888988
412050,12.8723437144
412080,12.9907635213
412110,12.493648694
412140,14.2591258553
412170,11.6791526904
412200,15.602908475
412230,15.2264505623
412260,17.3720437247
412290,18.6248707596
412320,20.2795452831
412350,20.4361822497
412380,20.5907738079
412410,22.7556059936
412440,21.9003827968
412470,22.2818888817
412500,23.2445284778
412530,21.4855030853
412560,20.8773827381
412590,22.0109658269
412620,20.0930717808
412650,19.9530382811
412680,20.1012392606
412710,18.9943062792
412740,19.5124892202
412770,19.4844329291
412800,19.4793185419
412830,17.5551158181
412860,16.4906073631
412890,15.9469023308
412920,15.819884362
412950,17.120145586
412980,16.6735188887
413010,17.1152892105
413040,16.8943364199
413070,16.3925795784
413100,12.9004251034
413130,13.1612312995
413160,13.3834182698
413190,14.7687238271
413220,14.3636388215
413250,12.5962141801
413280,13.9461235432
413310,15.8829436704
413340,15.2589294269
413370,13.6444852747
413400,14.4803595655
413430,15.1042029211
413460,15.2045785062
413490,14.8113072664
413520,15.130346646
413550,15.9397367204
413580,15.0735207664
413610,14.8951383825
413640,14.6973074156
413670,15.324208424
413700,14.3803141379
413730,17.1718577432
413760,19.3332333069
413790,20.4758898389
413820,20.7479294304
413850,21.9223105549
413880,23.7991730432
413910,24.218347794
413940,24.6191570908
413970,26.6689037001
414000,27.227119358
414030,27.6845886456
414060,26.5275450182
414090,27.4960390561
414120,25.8247045832
414150,26.6907317609
414180,24.3336362964
414210,24.8767140343
414240,23.6769234621
414270,23.6093117824
414300,21.2098988629
414330,17.9355745846
414360,17.7881160542
414390,20.2106026319
414420,18.2231774994
414450,16.1137416602
414480,14.40207561
414510,13.8454289258
414540,11.4267157094
414570,12.2601508919
414600,13.431079971
414630,14.6113386022
414660,11.4160205616
414690,11.3016654022
414720,10.9729550721
414750,8.52019176193
414780,8.57496170656
414810,7.9770191652
414840,8.08104522864
414870,9.22503725297
414900,10.5274836324
414930,11.8629069417
414960,12.650794369
414990,11.5803092357
415020,11.4508943827
415050,12.1602632016
415080,14.6601424705
415110,16.0189123319
415140,17.1047521401
415170,19.1383638052
415200,20.1723046444
415230,21.0688620408
415260,21.8460552972
415290,21.3683283612
415320,22.8677117911
415350,24.4713831318
415380,25.9269040244
415410,27.3230503691
415440,26.6987298158
415470,25.0626366102
415500,25.2369215581
415530,23.0621213615
415560,23.3252425611
415590,21.114689933
415620,24.0145520932
415650,21.9560973667
415680,22.3488987321
415710,21.576925071
415740,20.5569568265
415770,17.2209591566
415800,18.3596459403
415830,16.244223231
415860,16.4602121962
415890,15.4142809953
415920,14.7022162947
415950,13.1828911508
415980,9.7468087561
416010,10.1756723454
416040,9.40529201133
416070,10.5074807096
416100,11.1693368576
416130,12.3551714058
416160,10.9256638706
416190,10.2455360807
416220,11.091814037
416250,8.71754482409
416280,9.79162805895
416310,8.46279182468
416340,9.54370821461
416370,9.29982230749
416400,6.35828165775
416430,7.51150615446
416460,7.13136886305
416490,10.9366411481
416520,11.7044457645
416550,13.0009862765
416580,12.4454361387
416610,10.8569589877
416640,13.4637696709
416670,16.8160731339
416700,18.1074586283
416730,20.9115423937
416760,24.3768624436
416790,24.6876750824
416820,24.9012003361
416850,25.9912791222
416880,26.1715735515
416910,26.5885604648
416940,24.993210157
416970,24.9994111525
417000,22.8119129478
417030,23.1398435849
417060,21.6814835544
417090,18.1553469736
417120,18.6751535658
417150,18.8491778904
417180,18.5315877005
417210,16.0010674477
417240,17.3624673427
417270,17.6984368105
417300,15.0508306288
417330,16.6991865068
417360,17.9754151994
417390,17.1438820668
417420,17.045845297
417450,16.2555728777
417480,17.4213195197
417510,16.6408831982
417540,15.9582405978
417570,15.2015650141
417600,15.3017701263
417630,12.5980517981
417660,14.7066833657
417690,15.1644885161
417720,15.1932358026
417750,13.674217186
417780,13.017684789
417810,12.9002817767
417840,14.2373950674
417870,13.8165234487
417900,12.8303954513
417930,14.3893400031
417960,14.4976385822
417990,16.6496878294
418020,17.8350746565
418050,19.1503222374
418080,20.5709303123
418110,20.0390032141
418140,20.9373700273
418170,21.7879284565
418200,22.6250457326
418230,23.5243754145
418260,21.9891001862
418290,23.3208322926
418320,24.2440725105
418350,24.5408212456
418380,24.282649844
418410,24.3905182922
418440,25.218286237
418470,23.3368678586
418500,23.3706002982
418530,22.9125925039
418560,20.6233752543
418590,20.7747327552
418620,19.8831834729
418650,20.6265437765
418680,20.385271328
418710,20.0517716023
418740,19.6029743621
418770,17.3726025987
418800,16.8269898584
418830,17.5889158526
418860,14.9178836949
418890,15.5464519877
418920,15.4059816114
418950,15.7991190295
418980,14.4949127211
419010,15.6368644022
419040,13.5903704219
419070,14.3623595889
419100,14.3641492525
419130,14.607177283
419160,14.8870722418
419190,14.3900432474
419220,14.0999134215
419250,12.8507828406
419280,13.3084045895
419310,14.1634629854
419340,15.6950041212
419370,15.4324252171
419400,16.2631916198
419430,17.2178054328
419460,18.5159515972
419490,19.9076870429
419520,20.7735105177
419550,22.2619034191
419580,22.988551103
419610,24.3107844057
419640,25.3441966986
419670,26.6259532693
419700,26.9770319313
419730,27.3926047011
419760,27.9851938562
419790,27.9811552331
419820,28.6497461651
419850,27.1776361524
419880,26.1529155304
419910,25.6676008853
419940,24.4048565802
419970,23.4719410057
420000,22.4033296648
420030,21.6024420449
420060,20.2199257284
420090,20.381702778
420120,19.5758201618
420150,18.4384829797
420180,18.961648741
420210,17.7838269616
420240,19.2403669698
420270,17.7816694098
420300,18.1881253612
420330,17.3596650492
420360,16.5920083223
420390,16.7477493343
420420,17.077441734
420450,16.783465836
420480,15.2745250338
420510,14.0166691069
420540,14.9239186899
420570,14.4933857724
420600,13.5788340632
420630,14.6500093342
420660,14.883065742
420690,14.1720928092
420720,13.7635149799
420750,14.1088478132
420780,15.1334714273
420810,15.2696213537
420840,15.0929968602
420870,15.1446738495
420900,15.2930412583
420930,14.7345759096
420960,15.4996707753
420990,19.9216173362
421020,20.7762659311
421050,20.1371990955
421080,21.1997951539
421110,22.0059696593
421140,25.0389700215
421170,25.4553984326
421200,25.7575625675
421230,25.4193699313
421260,26.2980128525
421290,26.2650792824
421320,25.9748879882
421350,25.470951855
421380,23.8970114056
421410,23.0544817988
421440,21.7803599424
421470,20.6523337981
421500,19.7860945823
421530,17.7028238148
421560,18.3339481934
421590,18.0268054083
421620,16.0567445711
421650,14.1626309019
421680,13.0301132718
421710,14.7424580671
421740,12.1151497914
421770,11.1048214679
421800,11.5175870136
421830,14.0238003067
421860,15.7933132164
421890,15.1287897573
421920,15.7959540057
421950,16.6921758679
421980,15.0149423991
422010,14.5301777043
422040,14.3076310184
422070,13.1102776836
422100,13.2428644986
422130,11.8392421199
422160,12.7948897621
422190,12.9321783557
422220,13.4942653428
422250,14.4622992481
422280,15.0287577523
422310,14.6356221723
422340,15.756723981
422370,14.699398844
422400,15.97637583
422430,18.4919371305
422460,18.3391095974
422490,16.0495116568
422520,16.9235100184
422550,19.3180359821
422580,21.2498305008
422610,23.1446434068
422640,25.0154108472
422670,23.8418007563
422700,23.9014679824
422730,24.5229214774
422760,23.5025887822
422790,22.9216406156
422820,21.801738803
422850,21.7592754557
422880,22.2406219826
422910,20.8777534418
422940,19.6703524538
422970,17.9337672083
423000,17.9948002289
423030,17.5627268703
423060,17.7216942926
423090,16.8278922116
423120,17.9676514988
423150,16.3664913873
423180,16.3623596644
423210,16.1049393827
423240,16.7132462346
423270,16.8547511605
423300,17.840934179
423330,18.5555499848
423360,18.8707354014
423390,17.9994029694
423420,16.9071438658
423450,14.7126433158
423480,15.383524532
423510,14.9704393969
423540,12.5697801129
423570,11.5449246526
423600,11.3398120207
423630,12.056469836
423660,11.8281075016
423690,12.3108629187
423720,14.4293168042
423750,13.9224674075
423780,15.5962299504
423810,16.0935537045
423840,17.640414869
423870,18.3335284342
423900,20.8650606192
423930,21.8173461626
423960,23.3575244981
423990,23.0588459119
424020,25.3592421573
424050,26.0785047379
424080,27.3220470888
424110,26.5892160803
424140,27.360115028
424170,27.1595641653
424200,25.6940361619
424230,24.6581178489
424260,23.2911338763
424290,23.1635549644
424320,22.9388526416
424350,21.9287975166
424380,20.9784565981
424410,20.0107132066
424440,17.9750592372
424470,16.4352695678
424500,16.3039906802
424530,13.7000486718
424560,14.3480603394
424590,15.0907647162
424620,15.9737598353
424650,15.0799724478
424680,15.4172152236
424710,15.6806771399
424740,14.8467153378
424770,15.0686792501
424800,13.4079280231
424830,13.6299820039
424860,13.3369247892
424890,13.2129620056
424920,13.3586759653
424950,12.383630802
424980,11.7752641108
425010,13.1897494432
425040,12.7662887537
425070,12.9394429452
425100,14.1526022671
425130,14.8138438147
425160,16.2253820706
425190,16.7149655439
425220,17.9403443212
425250,18.6806802001
425280,20.2737351502
425310,22.2410442274
425340,22.9995149398
425370,25.3169454019
425400,26.4297883471
425430,28.2293701192
425460,28.8312740127
425490,28.1015956154
425520,28.5340852234
425550,28.4767478584
425580,28.8396200189
425610,27.7730692008
425640,27.9143597714
425670,27.5176912157
425700,26.6947840894
425730,26.7856019311
425760,24.9635772217
425790,23.1431072904
425820,21.2938686047
425850,21.3868588045
425880,20.1188256156
425910,19.7629608799
425940,19.2104007199
425970,19.4336661306
426000,19.5874624937
426030,18.730471685
426060,19.3648121522
426090,18.8502639881
426120,18.5442209904
426150,17.9188145323
426180,17.6813391519
426210,17.2944300575
426240,16.6093799401
426270,15.8304282326
426300,16.5625231988
426330,15.3140921843
426360,14.0243723327
426390,12.94233533
426420,13.8917533481
426450,13.6739499763
426480,14.1272513247
426510,13.1991705456
426540,13.7649002211
426570,14.8605826681
426600,15.6437088104
426630,16.4005025096
426660,17.1259644586
426690,16.0383302248
426720,17.0012456685
426750,17.7841244846
426780,18.5323906796
426810,20.90725651
426840,22.8179689542
426870,21.9767979832
426900,22.214809485
426930,22.8248446465
426960,23.5900582895
426990,23.8882246144
427020,24.9824020459
427050,24.4630036959
427080,24.7316518999
427110,25.1454539678
427140,25.30766361
427170,24.5790811357
427200,22.6081465399
427230,22.6580653008
427260,21.5782664005
427290,19.7163437905
427320,19.3425461072
427350,17.9810243537
427380,17.444023599
427410,16.8888659637
427440,17.5979770443
427470,17.0876057027
427500,17.5641311348
427530,16.9748953194
427560,16.7475120615
427590,16.4173155858
427620,17.0502157739
427650,14.6051840148
427680,12.8609094588
427710,13.532049963
427740,11.9008895783
427770,10.1074149914
427800,9.28776057417
427830,8.68668816881
427860,8.72115499373
427890,8.87060414622
427920,8.15773321166
427950,9.68309795868
427980,11.2111721062
428010,10.8573604519
428040,11.7627696513
428070,12.4180447936
428100,14.145343664
428130,15.9969438814
428160,17.4841185663
428190,18.5049158018
428220,19.1947715424
428250,19.9561057874
428280,18.8572274286
428310,18.9870450941
428340,21.4846763537
428370,22.373007762
428400,22.8543251435
428430,21.6724931397
428460,23.8059466084
428490,22.8564411336
428520,21.983882039
428550,19.1491422795
428580,18.9527041869
428610,17.5803920466
428640,15.3199911858
428670,14.7505211591
428700,12.9696531612
428730,11.6851345974
428760,11.1824745063
428790,12.2905467759
428820,14.58563462
428850,11.3657897084
428880,10.5651766243
428910,10.3457304191
428940,10.1723083112
428970,10.7319908521
429000,9.97161063072
429030,12.4504959827
429060,11.8843637586
429090,13.1828999327
429120,12.8368637445
429150,12.6783583313
429180,13.2110832381
429210,12.968161824
429240,12.5922145575
429270,13.0690870713
429300,10.7190428594
429330,12.0050925047
429360,12.5435079944
429390,11.9731310302
429420,12.8988316265
429450,11.6788945663
429480,12.8988100315
429510,14.5700752551
429540,16.848483783
429570,18.152016385
429600,18.6195042425
429630,20.6293637521
429660,20.4669032684
429690,20.1279133338
429720,22.3768096876
429750,22.809664912
429780,24.7796877424
429810,24.5796528193
429840,24.9259845424
429870,25.6501226744
429900,25.8527236502
429930,26.6344458591
429960,25.6637699191
429990,24.4935664712
430020,23.8180611167
430050,22.6334230736
430080,21.6701885857
430110,21.7620983657
430140,21.4798178862
430170,20.9345781001
430200,21.1347329573
430230,19.7108966044
430260,19.7884346913
430290,18.7785380748
430320,18.2854986854
430350,18.1154906672
430380,18.4997607649
430410,17.3710653167
430440,16.7544083069
430470,16.2442450557
430500,13.9027003968
430530,12.9862474805
430560,13.2283569669
430590,11.9627560464
430620,11.314378788
430650,12.1267043449
430680,12.955507987
430710,12.1938061951
430740,11.4264995633
430770,12.9187969357
430800,12.5211582035
430830,11.0112433115
430860,12.4195404825
430890,13.4241312403
430920,14.3533097938
430950,15.4548907047
430980,15.0769388768
431010,16.9487119592
431040,18.7539367063
431070,20.8183738936
431100,21.9990442375
431130,22.8077944058
431160,24.7356818675
431190,25.1537190557
431220,25.8860437553
431250,25.7241796105
431280,26.5737415823
431310,25.303951725
431340,26.0376192816
431370,24.5959502649
431400,25.0967188216
431430,24.6275070171
431460,25.4140136655
431490,23.9928798822
431520,23.0819721498
431550,21.8780146321
431580,20.9704960596
431610,20.314327353
431640,19.2908677974
431670,17.9339149892
431700,16.4862317554
431730,14.2027791371
431760,14.3100656868
431790,12.3787548234
431820,14.4004252186
431850,13.231018849
431880,14.3013176745
431910,11.7415995191
431940,11.8014473827
431970,13.5261422606
432000,14.1992266914
432030,15.2098001564
432060,13.2866330398
432090,14.1724806449
432120,12.70110698
432150,14.0143590962
432180,13.8547638237
432210,13.5869204233
432240,13.3743944243
432270,14.0502877439
432300,15.8481601611
432330,15.9840959163
432360,16.4776475493
432390,17.1833904012
432420,17.9531576064
432450,19.1145537945
432480,20.3552828641
432510,22.2709543317
432540,21.4131873678
432570,23.7252676167
432600,24.3021174933
432630,25.1294178491
432660,25.5505122814
432690,25.2865701718
432720,24.9988371129
432750,25.1948347373
432780,25.6287374932
432810,23.663423096
432840,24.3163315112
432870,22.7347517797
432900,22.4370871975
432930,21.746513224
432960,20.5424247473
432990,19.7301557351
433020,18.8655128408
433050,17.6885744156
433080,17.2525721187
433110,17.1386057932
433140,17.1326509964
433170,15.4491393
433200,14.8432515618
433230,14.8837306217
433260,15.7960800075
433290,15.6693139823
433320,15.8165230062
433350,15.7126370604
433380,14.3465695709
433410,13.7947794501
433440,13.5186897786
433470,14.2457668726
433500,13.6423041308
433530,13.4046729819
433560,11.8576089382
433590,11.759851602
433620,12.4906582548
433650,11.6671699953
433680,11.6176686493
433710,11.6772503397
433740,12.0139629992
433770,11.8287264907
433800,13.4900684142
433830,14.163229616
433860,13.3130313442
433890,14.8737600792
433920,15.6913874787
433950,16.3342070663
433980,18.1148999759
434010,17.5163134462
434040,19.1183351972
434070,20.5336067682
434100,19.0892038409
434130,18.801352011
434160,20.8662495816
434190,21.4688645608
434220,22.0925046827
434250,22.4024913444
434280,21.2664216533
434310,22.2817986934
434340,19.1580934037
434370,19.089052552
434400,15.5100952497
434430,15.1965971519
434460,17.2400947675
434490,17.4679534611
434520,16.3707105652
434550,17.1176673667
434580,16.3105199451
434610,14.746026824
434640,12.7062477046
434670,14.4767573991
434700,13.74594414
434730,14.424877647
434760,15.033614652
434790,13.1002149428
434820,12.1195957674
434850,12.8867606585
434880,12.0311675936
434910,14.5229380794
434940,13.0719110049
434970,12.5180883582
435000,12.2914636561
435030,10.0336822643
435060,10.6980387255
435090,10.1751478724
435120,8.91278663322
435150,10.0782192785
435180,11.616735975
435210,12.539332823
435240,13.3600347225
435270,13.2127094159
435300,13.5706363421
435330,13.6898492593
435360,14.9094105151
435390,17.2685487102
435420,17.8345175439
435450,17.9808117116
435480,19.8310828069
435510,20.6337477418
435540,21.3264000286
435570,20.5938743659
435600,19.6937462429
435630,20.6183120871
435660,22.0855217088
435690,20.2418573773
435720,18.9250825748
435750,20.2692206914
435780,19.0488567622
435810,17.5078553707
435840,15.9951118406
435870,14.5428861518
435900,12.0847994196
435930,12.3883750602
435960,12.4663524784
435990,12.5503814742
436020,13.5693826092
436050,14.7561914561
436080,14.5668701171
436110,15.2915994744
436140,14.2610648764
436170,14.7190289673
436200,15.1819526167
436230,14.5364167097
436260,13.6118808565
436290,13.7069495014
436320,10.6989646575
436350,11.3678789733
436380,10.2412646306
436410,10.9761499041
436440,10.480457541
436470,10.5998992097
436500,10.8316626051
436530,11.9315389802
436560,12.4339397903
436590,12.900359884
436620,12.9360613384
436650,13.7647882328
436680,14.4067546505
436710,14.7747296095
436740,15.7261074943
436770,17.0729617808
436800,16.8570007693
436830,20.140687979
436860,20.7491409557
436890,22.9754310706
436920,25.3176259333
436950,26.4596231245
436980,26.5621988568
437010,27.3787430445
437040,28.1735588179
437070,28.3311039221
437100,27.1288799349
437130,26.66102031
437160,26.5582643197
437190,26.7836305724
437220,25.1886893029
437250,24.6853777735
437280,24.3925787733
437310,24.0684623369
437340,23.3876933702
437370,22.7179137217
437400,21.5502595364
437430,21.2281037282
437460,20.2855809869
437490,19.0311152744
437520,18.1124990852
437550,18.0815357061
437580,16.7976269314
437610,17.6882683971
437640,16.2093876073
437670,15.7067070453
437700,15.7915579928
437730,14.9563065947
437760,12.763785163
437790,13.0094609435
437820,13.5333935972
437850,13.1126464005
437880,13.4102888598
437910,13.5231764161
437940,13.2754224688
437970,12.6400186528
438000,12.6780577886
438030,12.7383336955
438060,11.8745135807
438090,12.7362799127
438120,13.0523123941
438150,13.7444554006
438180,15.099924827
438210,16.7150585719
438240,17.9026445303
438270,18.3622663817
438300,19.4451469695
438330,19.6433765393
438360,19.4846958629
438390,21.2734021936
438420,22.044818497
438450,20.9773814257
438480,21.0611837346
438510,22.2760869049
438540,22.8058821999
438570,23.6068048656
438600,22.8813966887
438630,22.5518758762
438660,21.5115874982
438690,21.3329463807
438720,20.228295896
438750,18.5749078437
438780,16.9922562776
438810,16.7377089035
438840,15.8933564938
438870,15.8936532074
438900,15.5392176967
438930,15.5007431422
438960,13.1681679505
438990,14.2659493454
439020,14.9736938318
439050,14.3859557976
439080,15.1288941177
439110,14.3551500741
439140,13.5233651793
439170,13.118293259
439200,15.0311606962
439230,13.6671427932
439260,14.7161521508
439290,14.9178486596
439320,13.9365836028
439350,13.3929474513
439380,12.4854998871
439410,12.4340873888
439440,7.86126166606
439470,8.78948934433
439500,9.23472596307
439530,9.56480828323
439560,10.3535863245
439590,11.2841335016
439620,11.608585532
439650,11.6629686341
439680,12.7034185186
439710,14.1081165178
439740,14.8729413888
439770,14.9400686878
439800,16.8626595876
439830,16.7975165882
439860,17.7241420621
439890,19.7265732324
439920,19.5718092888
439950,19.5246510004
439980,19.7023826198
440010,18.9063269258
440040,16.9764754746
440070,17.1609036045
440100,16.6608683445
440130,13.6928113742
440160,11.2759047172
440190,8.73488359128
440220,9.02718749038
440250,8.89422313091
440280,6.8181343498
440310,7.67564910441
440340,9.73541414305
440370,8.77050235495
440400,7.67247057746
440430,7.28345478317
440460,10.8101624899
440490,9.98003190509
440520,8.94915629076
440550,9.60461362839
440580,8.17084488284
440610,6.55705721622
440640,4.95770098204
440670,4.80482563763
440700,3.74515604204
440730,2.99233940483
440760,6.04508733735
440790,6.21246837587
440820,5.53492776668
440850,6.31426309457
440880,5.49417023396
440910,5.94352064528
440940,6.20237535835
440970,4.62353373737
441000,6.16122497294
441030,7.70923310237
441060,7.63195188725
441090,8.6672252482
441120,10.6517431355
441150,12.2432002119
441180,13.3119870268
441210,14.1173913061
441240,15.0443915723
441270,15.9847177988
441300,16.70299048
441330,17.0932669624
441360,18.1075961852
441390,18.1534913466
441420,19.2652990784
441450,18.2621881042
441480,18.5160907125
441510,16.6233543968
441540,14.9514182378
441570,14.2603883396
441600,12.1869266227
441630,14.0985984307
441660,11.0873934155
441690,10.6657015357
441720,8.06801516131
441750,8.45875780365
441780,9.67531957852
441810,8.45845225367
441840,6.50010718987
441870,7.38272130088
441900,8.80962284837
441930,8.42841750191
441960,9.55939492553
441990,8.95673601008
442020,8.56314745361
442050,7.66739118748
442080,7.15594965359
442110,5.50777530493
442140,6.49898384833
442170,4.73480148437
442200,4.91737806698
442230,3.85111496284
442260,3.94908286639
442290,3.95297284707
442320,3.62532187743
442350,4.02064834866
442380,3.60987808359
442410,3.38563557709
442440,5.15200009188
442470,3.04828300215
442500,2.91176148477
442530,3.67467496504
442560,6.51537394177
442590,6.3771056648
442620,6.93970182453
442650,9.14245089959
442680,10.1918489972
442710,10.7878226697
442740,13.1918439735
442770,13.586384656
442800,13.7633673552
442830,13.6625671357
442860,14.6325959565
442890,14.5252910846
442920,15.9598066029
442950,16.777393441
442980,16.3222795371
443010,15.203757333
443040,14.6760225575
443070,14.4227178535
443100,14.1252893202
443130,13.2702839641
443160,10.5065522088
443190,9.5830280378
443220,10.0721883942
443250,9.92129121299
443280,10.0463447403
443310,10.5610925992
443340,11.7221798673
443370,11.1391355898
443400,10.5234821692
443430,11.5913065492
443460,10.0727953163
443490,10.5388493234
443520,9.53349400539
443550,9.98480350611
443580,9.12479612935
443610,7.87091764545
443640,8.23511005868
443670,8.23777627837
443700,7.88863817512
443730,7.73945988166
443760,7.03551429676
443790,6.81910790494
443820,6.54918114857
443850,7.49155854005
443880,7.72603901026
443910,7.78443513263
443940,8.81214260153
443970,9.71989397177
444000,10.424192404
444030,11.8959926723
444060,12.9326243459
444090,14.3935705192
444120,15.7911454761
444150,16.3233203105
444180,16.6856797556
444210,17.8350951685
444240,18.7878384794
444270,19.7867057874
444300,19.503070234
444330,19.3157870012
444360,19.1267594801
444390,17.9964311083
444420,16.5377070607
444450,16.271968458
444480,16.1267082865
444510,15.3548279309
444540,14.0311813586
444570,13.9041591534
444600,12.2145703639
444630,11.939053673
444660,11.8565934696
444690,10.7107009243
444720,11.1449177864
444750,11.5961780408
444780,11.1327018985
444810,10.372350706
444840,10.7280568985
444870,10.8355174843
444900,11.097813447
444930,11.5478365919
444960,12.0081069391
444990,12.3045998147
445020,11.9066491802
445050,10.9478902542
445080,10.0112200455
445110,10.3703249597
445140,10.1560835468
445170,9.92956185553
445200,10.0316135676
445230,9.86084721957
445260,9.88838123918
445290,9.27495210546
445320,9.31849842322
445350,10.4168239425
445380,10.2691594001
445410,9.35501524399
445440,10.4821747041
445470,10.518219233
445500,10.3444350308
445530,12.9564973976
445560,12.0738330441
445590,12.9075443748
445620,14.9205990433
445650,16.2933120589
445680,15.2295981831
445710,15.9665378135
445740,17.0736765337
445770,15.2285941855
445800,16.8094962766
445830,16.486820888
445860,14.4169924076
445890,13.014959765
445920,13.2050374244
445950,12.9141250435
445980,12.6488829914
446010,12.2099540596
446040,10.9079231862
446070,10.1370075429
446100,10.432894477
446130,10.5109163779
446160,12.2229252972
446190,11.4884083421
446220,11.497385174
446250,10.4887395581
446280,10.5174873091
446310,9.7691053167
446340,9.85747878402
446370,9.84710955353
446400,10.3180665952
446430,9.10602953678
446460,9.35981814714
446490,10.2148673402
446520,9.58981274548
446550,10.1598148207
446580,9.7715295346
446610,9.47678232798
446640,9.47136395192
446670,9.48009058585
446700,9.68854499277
446730,9.76226827445
446760,8.9328943688
446790,10.6331657686
446820,12.426215715
446850,13.603666752
446880,14.3185444767
446910,15.4657974562
446940,16.5124577608
446970,17.108514037
447000,18.1229589052
447030,18.99464161
447060,18.5784669604
447090,19.2949646835
447120,20.04330544
447150,21.0574020618
447180,20.7187222778
447210,20.7022158451
447240,20.5202043024
447270,19.8898513648
447300,18.985333934
447330,18.4084280784
447360,17.413779981
447390,16.7322224153
447420,15.9263129276
447450,14.7556567974
447480,13.6152213282
447510,12.4447308487
447540,11.7084124704
447570,10.8064747774
447600,12.112668788
447630,11.1183999989
447660,12.152205219
447690,11.7152370417
447720,10.1439306038
447750,9.45637218755
447780,10.1114537498
447810,10.600711817
447840,10.0592727822
447870,8.44976876367
447900,9.09427929157
447930,7.13528006521
447960,7.68224071832
447990,6.48776409592
448020,6.54157056967
448050,5.46523466832
448080,5.2519573935
448110,5.34437262107
448140,5.13511474465
448170,5.17913679468
448200,5.3350219187
448230,7.31543831607
448260,7.3430605863
448290,8.29956005346
448320,10.084901683
448350,9.84938165725
448380,11.2526869215
448410,13.1126497454
448440,13.4200618042
448470,15.6380221131
448500,16.1509144907
448530,17.9220374459
448560,17.6538764659
448590,17.0141322459
448620,17.9616454796
448650,17.5753242641
448680,17.2411144376
448710,15.7247628722
448740,15.1372030578
448770,15.8903470169
448800,15.3779221713
448830,14.0816390916
448860,13.7826969929
448890,13.4773207294
448920,13.0503723507
448950,12.6610274787
448980,12.2433747771
449010,12.0007237374
449040,11.4830606415
449070,11.3554226491
449100,10.5589384523
449130,10.5047406441
449160,11.413939611
449190,11.181161028
449220,9.94507548581
449250,8.34914989073
449280,8.44322441741
449310,7.83064617649
449340,7.96582731245
449370,9.00062934766
449400,7.7920840191
449430,7.25780211892
449460,6.78964384439
449490,6.75709665484
449520,6.0561089676
449550,6.84485844081
449580,7.77960492932
449610,6.7501509505
449640,7.08522645195
449670,8.34045212412
449700,10.7469473525
449730,11.4471615837
449760,13.5197288068
449790,13.1732366309
449820,13.3163764844
449850,16.2008300617
449880,15.8518306465
449910,16.4925019655
449940,18.3089539314
449970,19.4599823014
450000,20.5285524029
450030,20.224852271
450060,20.6851683137
450090,19.8557505739
450120,18.9484935311
450150,18.9176094288
450180,18.4558031798
450210,17.2151819865
450240,16.6463811319
450270,16.2702322728
450300,14.2012131701
450330,12.4788796227
450360,12.8351010971
450390,13.1772477009
450420,12.8491100691
450450,12.5008762807
450480,12.4292687914
450510,11.2661762684
450540,11.3663269162
450570,11.9731459434
450600,11.2547951194
450630,11.1734702638
450660,11.3235269841
450690,10.4963384382
450720,8.79550223337
450750,8.66525648721
450780,8.83193804273
450810,7.9385151385
450840,7.92403905189
450870,6.95127794382
450900,6.50292743485
450930,6.6502642739
450960,6.12749465485
450990,6.64746070797
451020,6.95935327546
451050,7.65096289174
451080,6.85214139597
451110,7.49559283977
451140,7.35411733059
451170,8.86734773488
451200,10.3838343494
451230,11.8132242548
451260,13.0196522891
451290,13.8437568574
451320,15.2472801572
451350,16.527720689
451380,16.8278472969
451410,18.1296224491
451440,17.8919471537
451470,18.2825862797
451500,17.5823115992
451530,17.24056592
451560,16.2451798189
451590,16.6679676432
451620,16.0881900649
451650,15.2177301359
451680,13.8071541835
451710,13.9168397856
451740,12.4044131871
451770,11.4273588183
451800,10.6243696713
451830,8.75757127339
451860,9.32170479818
451890,8.84561245936
451920,9.04242826817
451950,8.42727287661
451980,8.51465486053
452010,7.14884180903
452040,7.89117790409
452070,9.00563675884
452100,8.78099444416
452130,9.58303178712
452160,8.99405785396
452190,7.07968937636
452220,8.27926065158
452250,6.75110662194
452280,7.04618292889
452310,6.57961203751
452340,7.15693148469
452370,5.6822144523
452400,5.90294489632
452430,4.27532891195
452460,5.38919473017
452490,4.08243408592
452520,6.37937063915
452550,6.41276624319
452580,6.74976581851
452610,8.31525543799
452640,11.5058699318
452670,11.6110107531
452700,12.7136150974
452730,12.2193387577
452760,14.2358855083
452790,14.7859398558
452820,15.6118378066
452850,15.7131459008
452880,15.6882495504
452910,16.5401993967
452940,15.9423553708
452970,14.9834220185
453000,15.6194820997
453030,13.5743516529
453060,14.3665908689
453090,14.0082422138
453120,12.9676552926
453150,11.2159965125
453180,10.0930115872
453210,11.6363911209
453240,10.8417552104
453270,10.646773974
453300,9.5145251041
453330,8.0548678623
453360,7.58790507415
453390,8.2603878433
453420,6.90210404661
453450,7.92455017718
453480,8.48958753748
453510,7.3327475279
453540,7.11964219682
453570,7.97008399003
453600,6.37452060672
453630,6.10974531326
453660,6.58859027741
453690,5.77072766588
453720,5.74859283291
453750,5.31179228156
453780,4.710860314
453810,4.24214868301
453840,4.39306543358
453870,3.94194097198
453900,4.0424946507
453930,6.21272370021
453960,6.2371674777
453990,6.32598072343
454020,5.89431336965
454050,8.67830729955
454080,9.25534224854
454110,10.3809624787
454140,11.5537789442
454170,12.7228182256
454200,12.925813462
454230,14.1133744337
454260,13.3959627409
454290,12.3679839619
454320,14.2357417471
454350,12.5466564231
454380,13.600889653
454410,14.8261066654
454440,12.6957201872
454470,11.9796193611
454500,11.7101660763
454530,12.3862088163
454560,12.2864582725
454590,11.3800206715
454620,9.95324690625
454650,9.13420116042
454680,9.14410021927
454710,8.46276208096
454740,9.04005941888
454770,9.25146814896
454800,8.3381965335
454830,8.78434199943
454860,9.42005803995
454890,9.33618239624
454920,8.18868307829
454950,7.70909455718
454980,7.76757388277
455010,8.49583932557
455040,8.79153101622
455070,9.23508343703
455100,9.15937945714
455130,8.60095005795
455160,8.37923211911
455190,7.65109075766
455220,5.85136330089
455250,5.57018545498
455280,5.5992105845
455310,6.44073189966
455340,6.58672215099
455370,6.75541603794
455400,7.26930251715
455430,7.02874046856
455460,8.6917976073
455490,10.6238717503
455520,11.0631631283
455550,12.87019822
455580,13.9803762343
455610,15.0365070858
455640,15.1557149484
455670,16.1001075424
455700,15.9614860965
455730,17.1697037577
455760,16.8138508198
455790,16.8329645196
455820,17.026574736
455850,16.64113912
455880,17.0722329646
455910,14.6935705783
455940,13.4456830853
455970,13.2066588871
456000,12.5861873
456030,12.199855267
456060,11.2871139185
456090,10.9627405675
456120,10.2050136755
456150,10.045144694
456180,8.5226188843
456210,8.79910739335
456240,8.84304961575
456270,7.92565031703
456300,8.08690518189
456330,8.00178063807
456360,6.28655838241
456390,6.77547871711
456420,5.49369041018
456450,5.40548800387
456480,6.49309057652
456510,5.66198272978
456540,3.92215075446
456570,3.19352472329
456600,3.96797415306
456630,3.95101651081
456660,2.74405262557
456690,1.7924543931
456720,2.57666485474
456750,3.90248907579
456780,5.43700942876
456810,6.52816479812
456840,6.2688871987
456870,7.01376893576
456900,7.9770476265
456930,9.00293178598
456960,9.30653786448
456990,10.0689146907
457020,10.5316963768
457050,12.760645364
457080,13.6911661791
457110,15.2663171312
457140,16.3790273757
457170,18.1867517456
457200,18.181462353
457230,17.1199873203
457260,18.1454465127
457290,17.5995226264
457320,17.0673324931
457350,16.4768078719
457380,15.5079058912
457410,14.2947049334
457440,13.0806975237
457470,11.6419458994
457500,11.3046169352
457530,10.4809487005
457560,9.08120681706
457590,8.35307979889
457620,8.09221031396
457650,7.96575769953
457680,6.55914099694
457710,6.05916283426
457740,5.55792870499
457770,3.89578543534
457800,4.0233461874
457830,4.74251283757
457860,4.62764502964
457890,3.18133886335
457920,2.79553556015
457950,2.82226534584
457980,4.64733108363
458010,5.36400752279
458040,4.58533147804
458070,4.33277787325
458100,3.19806613696
458130,3.73590376746
458160,3.1077568702
458190,2.92848612953
458220,2.46553495675
458250,3.45569421009
458280,4.89451361711
458310,4.98644528325
458340,6.14908954104
458370,6.4779754876
458400,7.53928948465
458430,8.06531403582
458460,8.98677925161
458490,9.92916462685
458520,9.59897455085
458550,12.1359832132
458580,13.499649077
458610,13.4997196254
458640,11.8357009347
458670,14.8869962183
458700,15.0494280743
458730,12.9875856821
458760,13.7259995804
458790,13.3224432518
458820,12.6830980512
458850,11.2769367798
458880,10.7868120139
458910,10.1998316482
458940,8.74593844436
458970,8.93985846142
459000,8.58788436464
459030,8.64433744839
459060,8.03342055814
459090,7.82115838203
459120,7.95711581671
459150,6.88520197145
459180,7.31374936732
459210,6.3818380003
459240,8.06935348402
459270,7.83891609
459300,8.10312118891
459330,6.95337604104
459360,7.85177921286
459390,6.63078301245
459420,5.77850252668
459450,6.23760068945
459480,4.68681413143
459510,3.42290901351
459540,4.8458349822
459570,5.12060399797
459600,5.69654532096
459630,4.55150310576
459660,4.04237785223
459690,3.80972467482
459720,4.67794712581
459750,5.24290759383
459780,5.7090847669
459810,4.56541266103
459840,5.96475717412
459870,6.55895515583
459900,9.37448996669
459930,8.73740691149
459960,11.065077808
459990,12.4811060089
460020,13.6903098029
460050,14.7853998258
460080,15.5157522167
460110,14.856239629
460140,14.7158691595
460170,15.0139134411
460200,14.6806943138
460230,14.0543454908
460260,14.0438758695
460290,13.1265673467
460320,12.1156735598
460350,12.6208338561
460380,11.1366297296
460410,10.7513993499
460440,10.1170363583
460470,9.01640024077
460500,8.37219152381
460530,8.14185345048
460560,7.81887645221
460590,7.05324749843
460620,6.71868851365
460650,7.14788658456
460680,6.12813050393
460710,5.06916041976
460740,4.82456483694
460770,2.11282170429
460800,0.798193752519
460830,1.97313491425
460860,0.285608058577
460890,1.4873755311
460920,0.0420682272277
460950,2.52531670165
460980,-0.79272446369
461010,0.0868475593325
461040,1.07507664806
461070,0.558866791502
461100,1.00129747953
461130,1.85448175339
461160,0.696967145533
461190,2.48893023179
461220,2.27560078584
461250,3.28655932104
461280,3.67697803228
461310,4.78793754148
461340,6.42449174918
461370,7.06201489755
461400,8.7032198278
461430,10.0523271351
461460,7.86817440658
461490,10.255760521
461520,9.06031931847
461550,8.78263812926
461580,10.414773124
461610,10.9252819691
461640,10.2138654735
461670,8.41593916204
461700,8.34991163164
461730,5.32059535892
461760,4.98024200533
461790,3.79298072379
461820,2.8934768333
461850,2.26400379485
461880,1.20587591082
461910,0.642909179378
461940,0.102969078455
461970,-0.141764711323
462000,-0.382916139651
462030,-0.731969082453
462060,-1.03775177819
462090,-0.86882834262
462120,-1.11300806477
462150,-0.759982975324
462180,-1.16984929623
462210,-1.55557334536
462240,-2.16242757077
462270,-1.79507756835
462300,-2.31555120737
462330,-2.02311118269
462360,-3.13813706542
462390,-3.62253599103
462420,-3.81942344205
462450,-3.33798598077
462480,-3.59688525025
462510,-3.30879278926
462540,-3.54181168176
462570,-3.38388155507
462600,-2.35151277558
462630,-2.2217086119
462660,-1.45517939051
462690,-0.747031669257
462720,0.283045706067
462750,1.45599993484
462780,3.03628093909
462810,3.46608071903
462840,5.24493345829
462870,6.30677250867
462900,6.860577926
462930,6.72456090248
462960,6.91655158923
462990,7.44593850254
463020,7.66253889242
463050,7.5726230584
463080,6.65790065708
463110,5.73635748179
463140,5.01197040612
463170,4.70827858411
463200,3.23293850937
463230,2.72770468155
463260,1.27473875432
463290,1.01433099783
463320,0.325537236841
463350,0.0796603885679
463380,-0.791169930054
463410,-0.812228251798
463440,-0.889891131223
463470,-0.503237422974
463500,0.0483874756597
463530,0.0744270158501
463560,-0.0479591602556
463590,1.63004519678
463620,1.70136178201
463650,-0.0688685530955
463680,-1.28122740322
463710,-1.77551223178
463740,-1.9643515514
463770,-2.45475368721
463800,-3.27045269284
463830,-3.4744446662
463860,-3.5862831716
463890,-3.40558819189
463920,-3.83392446606
463950,-4.49308020908
463980,-2.85257228715
464010,-3.70402755337
464040,-3.33850111917
464070,-3.01932260609
464100,-1.48484186447
464130,-0.562237664726
464160,1.25341150227
464190,2.03753363872
464220,3.02192444124
464250,3.30791672404
464280,5.25740948497
464310,7.19091020507
464340,7.82312260587
464370,7.44474713973
464400,6.97921211439
464430,7.84172020011
464460,7.34305379525
464490,6.56551253512
464520,6.69629635398
464550,7.25717667125
464580,5.97709187015
464610,4.82495094483
464640,6.12266629034
464670,5.07271928201
464700,2.89487948411
464730,2.72814293351
464760,0.847229621997
464790,3.64216480742
464820,2.03952325885
464850,0.561925687586
464880,0.857614239524
464910,0.0612841725138
464940,0.974122089858
464970,0.154980715803
465000,-0.30693029393
465030,-1.07093547603
465060,-1.05930442638
465090,1.44858672314
465120,0.820944941679
465150,0.846884636978
465180,1.70042306384
465210,-0.268277728638
465240,0.423728113977
465270,-0.07869096155
465300,-0.530238224444
465330,-0.750862540689
465360,-1.28492783897
465390,-3.41779066789
465420,-1.58822051649
465450,0.93233676236
465480,2.1324743544
465510,3.63642231993
465540,5.50263211144
465570,3.88234515336
465600,6.29427541211
465630,7.97584028018
465660,8.82735757551
465690,9.50299352476
465720,11.638098556
465750,11.9816189552
465780,12.7115828946
465810,13.161910092
465840,13.0577313748
465870,12.1308087299
465900,12.4921480736
465930,12.7153428008
465960,11.1787753838
465990,11.1133304518
466020,10.8810871404
466050,10.5638459886
466080,9.93184481684
466110,9.32701365855
466140,6.88526853893
466170,7.97313886334
466200,5.21895092953
466230,4.82766184743
466260,6.88196874789
466290,5.44562604435
466320,4.01940607592
466350,6.10259203981
466380,5.09942138547
466410,5.10971884546
466440,5.19398026938
466470,3.99219094699
466500,4.49731026057
466530,4.55139566197
466560,4.44073251051
466590,4.33082474257
466620,1.76230429506
466650,2.82799446174
466680,2.37532304452
466710,2.10511389676
466740,2.58655896766
466770,2.37106204212
466800,2.46552306686
466830,2.36874849546
466860,1.51665063501
466890,1.73828026855
466920,3.8658099008
466950,4.20155820058
466980,4.54531234726
467010,5.87949090622
467040,7.12247074663
467070,9.5139447332
467100,10.1474427142
467130,11.7562793357
467160,11.7844273264
467190,11.682667782
467220,13.9367961579
467250,13.8486077142
467280,14.8243260249
467310,15.5608880855
467340,16.1796714653
467370,15.8990357395
467400,15.3879541381
467430,15.4376915022
467460,14.5517347409
467490,12.5704843136
467520,11.38000683
467550,10.35749686
467580,9.6528954475
467610,9.27644158548
467640,7.92969677886
467670,8.28044085529
467700,7.62559554014
467730,7.65712878884
467760,7.63037096894
467790,8.28098616476
467820,8.41555165171
467850,8.27749624314
467880,8.59882601412
467910,9.68982679943
467940,9.19676268868
467970,9.15657909869
468000,8.88044011185
468030,8.46408503207
468060,8.65110205786
468090,8.08897555149
468120,7.50325277196
468150,6.9765168439
468180,6.25004469314
468210,6.31015708771
468240,6.26511570882
468270,5.74613508548
468300,6.34563448754
468330,6.82858239461
468360,6.77781328494
468390,7.93808074991
468420,9.1411523381
468450,10.237102931
468480,11.0546541966
468510,12.7535384143
468540,14.9347866888
468570,15.3445220232
468600,17.1046465352
468630,16.4567871305
468660,16.6911402119
468690,17.9247600182
468720,17.6740030756
468750,17.0443602299
468780,17.1077512278
468810,17.3685325048
468840,15.7712002021
468870,16.3112849216
468900,15.6763409563
468930,14.5135935721
468960,14.4318027369
468990,12.5445018505
469020,12.272013612
469050,11.2090894583
469080,11.3599309073
469110,10.3800882765
469140,9.50956895031
469170,8.7748637607
469200,9.0375834065
469230,8.29342594931
469260,8.50897853633
469290,8.38252585232
469320,8.38106851009
469350,7.76858071015
469380,7.46964514675
469410,7.90015512428
469440,7.05787654239
469470,7.52820646817
469500,6.12636530368
469530,6.57427525503
469560,6.0170205769
469590,6.23669633347
469620,5.40402546821
469650,4.8072956341
469680,4.251028899
469710,4.80642550346
469740,5.41879286551
469770,5.4751638902
469800,5.97533754387
469830,6.99355106388
469860,7.69313473894
469890,9.13568106718
469920,10.5064809384
469950,11.029058053
469980,11.3852610837
470010,11.8015728891
470040,12.5429555641
470070,13.27456629
470100,14.7106828341
470130,15.2010887407
470160,15.575235109
470190,15.3616808099
470220,15.9672395509
470250,15.1469107937
470280,14.9167868053
470310,14.0083930893
470340,13.7523943301
470370,14.2400546719
470400,13.3052004648
470430,12.0437578229
470460,10.5096239652
470490,10.5079377385
470520,10.45274494
470550,9.65428165454
470580,9.77870316554
470610,9.02411225124
470640,8.12004183796
470670,6.84286540415
470700,7.72838849056
470730,6.75327280993
470760,6.82287836591
470790,6.60141981096
470820,5.98511594044
470850,3.83422983361
470880,3.70921666667
470910,3.60876156176
470940,1.9640111365
470970,2.78322364992
471000,1.71631594441
471030,3.05156910232
471060,2.23643220527
471090,2.79866203037
471120,2.17310137745
471150,2.17381958324
471180,3.59458831054
471210,3.20815213679
471240,3.89231365714
471270,3.3272329436
471300,4.67576375483
471330,5.43501965809
471360,7.37579813041
471390,8.78467881392
471420,10.3407883176
471450,11.8082330569
471480,12.9467073937
471510,13.6827437304
471540,13.8595930352
471570,13.5466224452
471600,13.8116434483
471630,13.8829646151
471660,13.7046721247
471690,13.6248251412
471720,14.4139549433
471750,12.1944233857
471780,10.8401437404
471810,10.3456565598
471840,10.3666462618
471870,8.79393738426
471900,9.56031012425
471930,9.4136782703
471960,7.46601757309
471990,6.81414163491
472020,6.25250679137
472050,5.89654455972
472080,5.12140412535
472110,5.81850778616
472140,6.26002488835
472170,6.34465997671
472200,5.01808869721
472230,5.02050297966
472260,5.16777713128
472290,5.39268051367
472320,5.55006135569
472350,5.88888669642
472380,4.26306355003
472410,3.3225511302
472440,2.55240539664
472470,1.62827052436
472500,2.26859742313
472530,1.62417887008
472560,0.839835180044
472590,0.57381909916
472620,0.919321185969
472650,1.21689485851
472680,1.03984700174
472710,1.92016183202
472740,3.57156039329
472770,5.63346135593
472800,6.31029833398
472830,7.97035461466
472860,8.15590543091
472890,7.5107780525
472920,10.135875468
472950,10.6956966417
472980,9.50984599076
473010,11.3138751646
473040,11.3149332815
473070,11.5733877374
473100,11.7560650972
473130,11.7100332908
473160,11.7601596498
473190,10.7360863204
473220,11.5940931895
473250,9.81831403368
473280,10.1559005932
473310,7.96844169529
473340,8.19594456626
473370,6.76937176128
473400,4.79333025368
473430,3.37833224483
473460,2.92940496966
473490,4.01945315206
473520,4.43039912779
473550,4.24130942804
473580,4.70595963846
473610,4.70004601179
473640,5.31875646378
473670,5.32220817453
473700,4.49837137669
473730,4.34565278101
473760,4.08610857723
473790,3.14775464404
473820,2.62277488623
473850,1.57937755907
473880,0.134932071303
473910,1.47783743942
473940,0.909232013087
473970,3.06038715579
474000,2.53113620648
474030,2.15147629247
474060,1.08409311284
474090,1.18207953378
474120,1.42873464026
474150,2.53035882456
474180,4.42936837136
474210,5.06772597149
474240,6.45078762624
474270,8.58919799903
474300,9.79804072392
474330,9.82002906262
474360,12.5030650359
474390,13.6336316793
474420,13.5540303361
474450,15.3475552831
474480,15.1585122905
474510,16.3403228265
474540,16.0503466863
474570,15.6513365251
474600,16.2315146358
474630,15.3781774146
474660,14.4602061807
474690,12.2238135277
474720,11.5855313326
474750,10.1044309864
474780,10.159855579
474810,8.03039556084
474840,7.8330193928
474870,8.42263687229
474900,8.77260856059
474930,7.44655471283
474960,7.73846293387
474990,6.97581292789
475020,7.61881944002
475050,7.30203586517
475080,7.5054059035
475110,6.55560869158
475140,7.01261629635
475170,6.86232211644
475200,6.66334050549
475230,5.47521155846
475260,4.99098092113
475290,5.25394696967
475320,6.01202656122
475350,5.36593624827
475380,5.26490338784
475410,5.5436843425
475440,5.79336501686
475470,5.84856162205
475500,6.36542037814
475530,6.48084558129
475560,6.8601414324
475590,7.50943895133
475620,8.21286714001
475650,8.9348711737
475680,9.87869447865
475710,10.3395390193
475740,11.7836644265
475770,12.0780372784
475800,13.6216953557
475830,13.8492956656
475860,15.9707208754
475890,15.247030991
475920,15.8001495287
475950,16.0142782907
475980,15.6483586131
476010,14.5213249456
476040,13.1841909212
476070,12.6632137459
476100,12.0926359617
476130,10.2384591214
476160,8.9652913163
476190,6.93271217611
476220,8.93545637225
476250,7.80754168589
476280,8.15661633516
476310,6.57750610514
476340,6.22468749798
476370,5.9347072061
476400,5.29357336209
476430,4.5447138359
476460,4.54683538915
476490,3.5889171342
476520,3.28328835492
476550,1.76655564953
476580,2.16457950339
476610,0.280718410881
476640,0.450014379446
476670,0.605449331841
476700,0.34709106297
476730,1.14345352315
476760,-1.33211144399
476790,-1.79292960224
476820,-0.846771142125
476850,0.154464446413
476880,-0.902887019193
476910,-0.864715615886
476940,-1.97939871996
476970,-0.949247732558
477000,-0.62979592626
477030,-0.146788822317
477060,-0.133467738322
477090,1.99616317444
477120,5.79660306068
477150,3.9004034368
477180,4.57845294396
477210,8.27442581163
477240,6.72222063733
477270,4.92135816045
477300,9.75288963221
477330,10.9424719343
477360,12.9314066635
477390,12.6911586441
477420,12.7029866616
477450,12.662986352
477480,11.9607600567
477510,12.71928113
477540,11.3092897809
477570,9.99141048701
477600,9.46438986838
477630,8.41980473358
477660,6.87931114626
477690,7.8700742824
477720,7.31675237488
477750,7.0832689122
477780,7.16623629897
477810,6.20669580679
477840,6.20397738338
477870,6.10101029057
477900,6.59579205207
477930,6.72126951602
477960,4.99347903475
477990,5.69776664051
478020,4.88174911014
478050,5.07524742771
478080,6.23463834334
478110,5.78512668544
478140,4.73351541806
478170,4.90692131135
478200,4.20661477117
478230,3.14643430919
478260,2.30519327866
478290,4.3664736107
478320,2.12720181758
478350,1.67543996346
478380,0.826988601243
478410,2.18420024598
478440,3.28977271406
478470,2.61394969604
478500,4.50490494051
478530,5.40601651374
478560,5.42045833757
478590,6.60552606483
478620,7.61401181675
478650,7.05351227168
478680,9.80489444228
478710,10.6776840586
478740,11.2488592141
478770,9.8721789605
478800,10.4548188366
478830,11.4397991387
478860,12.8463107978
478890,9.96053656685
478920,12.1232800855
478950,9.84818960897
478980,9.06746032821
479010,9.38094393979
479040,9.26489369153
479070,8.82800253289
479100,7.52312656028
479130,6.9701487438
479160,6.03717646249
479190,5.25986339737
479220,5.75548492054
479250,6.24545228235
479280,5.37683914879
479310,5.53929206152
479340,4.92071984066
479370,5.30015453635
479400,5.13180956625
479430,5.22542803702
479460,4.7585872177
479490,5.31165040486
479520,5.830656468
479550,6.0611809165
479580,6.88936138804
479610,6.64357670436
479640,5.29929713035
479670,4.80855526079
479700,3.95507494628
479730,4.64807414485
479760,4.60222713977
479790,4.82382513127
479820,5.15303498946
479850,4.5594493946
479880,5.19295725906
479910,5.34340226491
479940,6.26692847009
479970,6.39703936973
480000,7.52710716747
480030,8.4022883197
480060,8.39004989742
480090,10.8540615753
480120,11.776128574
480150,12.3686711547
480180,11.689343496
480210,11.5665615499
480240,12.3901716712
480270,12.3331132601
480300,13.3485256982
480330,12.8370009033
480360,13.4977740635
480390,12.8607326256
480420,12.6908672862
480450,12.0690004025
480480,10.3757932868
480510,8.97626166956
480540,8.92640181693
480570,7.37078274526
480600,5.82164479589
480630,5.90431066718
480660,5.63053900086
480690,5.36393461045
480720,5.01141395832
480750,4.00416575817
480780,4.93454939215
480810,4.91315169806
480840,5.66720287354
480870,5.51970698789
480900,5.58615854127
480930,5.35677981124
480960,6.18475388237
480990,4.84095641392
481020,5.06575582468
481050,4.18663795723
481080,4.97343043324
481110,4.32847112688
481140,3.49588163748
481170,2.84626333189
481200,2.57170892886
481230,1.9575935022
481260,1.58906404323
481290,1.01701297626
481320,2.37077648963
481350,3.07891365969
481380,3.28129070682
481410,4.11832693644
481440,5.05005327364
481470,3.41803137734
481500,4.30010548174
481530,8.23005216857
481560,9.02666133459
481590,9.1879052083
481620,10.2760405849
481650,11.57577369
481680,11.8937199415
481710,12.8593424737
481740,12.5772777567
481770,11.6083159554
481800,10.575959261
481830,9.91180095911
481860,9.91399794397
481890,9.96385306112
481920,9.79003638976
481950,9.47790241733
481980,8.60974142239
482010,7.93954454062
482040,7.32193668932
482070,7.38602926984
482100,7.4961607411
482130,6.82165604434
482160,5.62490731246
482190,3.3778699459
482220,2.58375544249
482250,3.79304423908
482280,4.18113691028
482310,3.65771580923
482340,4.15839309127
482370,5.31134137756
482400,6.51250918199
482430,6.3894925106
482460,5.70022029342
482490,5.02815037421
482520,4.23825911411
482550,4.14570174485
482580,3.2481654818
482610,3.92665275318
482640,2.71917684895
482670,3.17215721931
482700,3.47380562484
482730,3.55114318271
482760,4.91361155019
482790,4.85957866583
482820,4.9432706842
482850,5.43210340169
482880,5.87361322361
482910,7.02975938297
482940,8.20924324259
482970,8.25192643362
483000,8.82244095701
483030,10.0435270051
483060,10.7141061446
483090,11.0933511999
483120,11.5998465479
483150,10.2941854299
483180,11.4160179073
483210,10.9153702561
483240,10.7540260752
483270,9.65644900534
483300,7.42763328734
483330,5.79917765566
483360,4.53271734773
483390,3.81835644772
483420,4.01001729356
483450,3.17063529465
483480,2.36545275888
483510,3.45881614169
483540,2.03473838423
483570,4.90842607131
483600,2.61097099265
483630,3.19891524171
483660,2.69281950228
483690,0.475487070504
483720,0.442078882266
483750,1.68452880645
483780,0.355398033449
483810,1.49391045237
483840,1.62081692717
483870,0.958623704076
483900,0.668852696309
483930,2.79013831629
483960,2.94097467879
483990,-0.297690153
484020,-1.56528357233
484050,-1.72535227778
484080,-0.856135840833
484110,-2.29292192262
484140,-2.70167600884
484170,-1.18248933487
484200,-0.579935364929
484230,0.522366584635
484260,-0.336533550106
484290,0.732914875216
484320,2.98596541527
484350,2.51656598797
484380,4.35005443705
484410,4.70468641353
484440,6.5146181163
484470,7.42972372767
484500,8.16646834309
484530,8.38725626558
484560,9.17671543193
484590,8.94796267502
484620,9.2401649879
484650,7.9546391523
484680,7.23233991188
484710,8.13908888346
484740,6.8145757517
484770,5.15111048513
484800,4.62990606302
484830,4.94731666228
484860,3.43003125459
484890,3.98740529761
484920,7.41881056576
484950,2.29122077221
484980,4.62607224143
485010,4.42851186753
485040,5.83201053611
485070,4.62305713072
485100,2.05976223418
485130,4.55013203905
485160,2.96690215182
485190,4.92645500513
485220,6.61054711286
485250,4.19457009553
485280,2.21025315144
485310,3.11297450098
485340,2.09834601037
485370,4.37875004954
485400,4.50000908958
485430,4.33706104427
485460,4.24353107772
485490,5.90349700837
485520,6.41332478938
485550,5.98758839567
485580,7.77370697343
485610,5.52580261351
485640,6.05348167773
485670,7.00255386872
485700,7.91410896166
485730,10.5584140849
485760,9.401026767
485790,10.3956920055
485820,9.36295570981
485850,11.2108551642
485880,12.0531277665
485910,11.8761056579
485940,12.4302532569
485970,12.6589305745
486000,15.0032521115
486030,13.6848720384
486060,14.2390401176
486090,13.7799231611
486120,12.8736873993
486150,12.2659875402
486180,11.807623112
486210,10.1423519498
486240,9.15499120068
486270,8.1419668216
486300,3.56175716326
486330,4.3020021824
486360,3.5416336297
486390,1.78708408827
486420,0.90845453804
486450,2.16526731359
486480,0.612901328045
486510,0.974172779195
486540,1.65179223515
486570,1.90905015087
486600,4.54460610162
486630,2.68764657513
486660,0.239995080521
486690,2.98284604384
486720,2.43122217781
486750,0.116773862077
486780,0.525682248652
486810,-0.115740192342
486840,2.23748967758
486870,-0.147485851878
486900,2.56922346551
486930,3.00921709902
486960,1.91420674247
486990,4.42313586375
487020,2.03196296651
487050,3.72644566221
487080,4.17803929011
487110,4.24884082371
487140,3.99265248428
487170,1.91150506624
487200,5.82939813767
487230,4.23430376916
487260,8.67927731906
487290,8.60570672451
487320,10.5294484405
487350,11.2100692476
487380,12.1841689263
487410,13.6233639539
487440,13.3538400229
487470,14.9342556411
487500,14.6838952772
487530,14.2563863334
487560,13.7979496586
487590,12.3128163808
487620,11.3424637124
487650,11.4175351017
487680,10.2977712837
487710,9.57379382325
487740,11.0601869526
487770,11.0309516361
487800,10.1052148017
487830,8.25905615458
487860,8.01335311069
487890,7.07095554217
487920,9.13127456702
487950,8.59589383701
487980,9.32298293846
488010,9.26604306639
488040,9.04193138523
488070,7.76825262025
488100,7.3736778519
488130,6.51956026421
488160,6.95216970926
488190,6.74524140932
488220,7.23623694032
488250,5.60000018455
488280,4.5473439498
488310,4.03972174896
488340,4.47546168629
488370,2.67561346817
488400,0.68065418477
488430,3.15309903422
488460,2.99868292023
488490,2.94181825187
488520,0.490949167626
488550,3.05690762262
488580,3.011477615
488610,4.82000385654
488640,6.67024397736
488670,9.43097533904
488700,8.89198827988
488730,10.3301952022
488760,10.6217674016
488790,11.6701681398
488820,14.2235718759
488850,13.2425270709
488880,13.7912566794
488910,14.5580069726
488940,14.9126663112
488970,15.1786342336
489000,15.4377973458
489030,13.7966764451
489060,13.9725169301
489090,12.8571560573
489120,11.2490505226
489150,10.4856713216
489180,10.7428960999
489210,9.87001479819
489240,9.8508862501
489270,9.55135465523
489300,9.95421475492
489330,8.77215286301
489360,7.39408287933
489390,8.54900494513
489420,7.30983091859
489450,8.57997754495
489480,8.04324569672
489510,6.84636806102
489540,7.16612292564
489570,5.97371718449
489600,7.21706172598
489630,5.21837517744
489660,3.84767952156
489690,4.02301146428
489720,0.592782951824
489750,1.05839979847
489780,1.91928694406
489810,1.1536301558
489840,-0.0846981210631
489870,-1.43278418267
489900,1.34092071597
489930,0.582215344235
489960,1.71978555083
489990,3.65119134043
490020,6.12213060789
490050,7.10664701841
490080,7.79095767604
490110,7.97542772023
490140,7.06381847748
490170,10.2694344329
490200,11.7447527525
490230,13.224750718
490260,12.0683529763
490290,12.8620223329
490320,14.6881567289
490350,14.2831526867
490380,14.5944968285
490410,14.1969234135
490440,13.6406484058
490470,13.2693602238
490500,12.3375778755
490530,12.1109467511
490560,12.0556388971
490590,10.413614432
490620,9.26284143281
490650,8.0434341079
490680,9.44351768352
490710,8.00422524181
490740,7.88382220624
490770,7.12273330097
490800,4.96938196167
490830,5.69560690989
490860,5.77272112436
490890,4.52635888577
490920,4.46354263919
490950,4.03725628078
490980,3.28873524258
491010,4.40041770788
491040,1.20235863152
491070,-0.42756581021
491100,0.392456131134
491130,-0.749101983972
491160,0.0675084083255
491190,0.516155049532
491220,0.382554061937
491250,2.15660677035
491280,2.99374068848
491310,0.498227191919
491340,-1.04364725364
491370,-1.4728316456
491400,1.07532474326
491430,1.62395270772
491460,2.41251387782
491490,4.2047738964
491520,7.37091785266
491550,8.3788387364
491580,9.13202083499
491610,8.40641380693
491640,8.48987959113
491670,9.97367101056
491700,9.22542873587
491730,11.7137540697
491760,8.69886146208
491790,10.3168544893
491820,9.19488485481
491850,8.60706732941
491880,8.90808173538
491910,10.3294817402
491940,6.95797675264
491970,6.47516822394
492000,5.85217315811
492030,4.67215362589
492060,4.17002172144
492090,2.28480385896
492120,1.41912524664
492150,0.85156493301
492180,3.24089423838
492210,1.46687068193
492240,0.238586503876
492270,-0.16616745281
492300,0.309529309268
492330,0.387284396482
492360,1.75660188222
492390,2.7938513408
492420,3.00071966125
492450,4.51065660583
492480,1.24793769825
492510,-1.29562506059
492540,-2.66433292114
492570,-3.12870409676
492600,-3.93720476381
492630,-4.25794714867
492660,-4.29781021174
492690,-4.23879415702
492720,-4.57358865395
492750,-4.70226491478
492780,-4.29019105041
492810,-3.96430539445
492840,-3.51608842588
492870,-2.95167898451
492900,-2.0945608041
492930,-1.37039130866
492960,0.41634530123
492990,0.993113614627
493020,2.33598639916
493050,3.12837928634
493080,4.12543432147
493110,5.42826871515
493140,7.07782215096
493170,6.24852603461
493200,7.17973506545
493230,6.57849155003
493260,5.9433051489
493290,5.94554382497
493320,5.18542760405
493350,4.89502996638
493380,3.61581427819
493410,3.19726882686
493440,2.16308675888
493470,0.979730433426
493500,0.833905313905
493530,0.802392573516
493560,0.164279867115
493590,-0.660563455623
493620,-1.03797918181
493650,-0.842167618831
493680,-1.09514396943
493710,-1.13121406439
493740,-1.6448439953
493770,-1.75575134809
493800,-2.16442506972
493830,-2.12135319179
493860,-1.36067032508
493890,-0.966990068549
493920,-1.00591707768
493950,-1.45177230072
493980,-1.07939145229
494010,-1.89448778983
494040,-2.39891302453
494070,-2.530395979
494100,-2.93863691657
494130,-3.20847498533
494160,-3.2024469789
494190,-3.83823969806
494220,-4.12352275169
494250,-3.34986017278
494280,-3.54752704815
494310,-2.22931133481
494340,-1.68422145736
494370,-0.450679843144
494400,0.633026954859
494430,1.63050215926
494460,2.7490772626
494490,2.96394424983
494520,4.6214387609
494550,6.46647029587
494580,8.62297939983
494610,8.90104030753
494640,6.95720258798
494670,6.30913763494
494700,6.44526988414
494730,6.02148904419
494760,6.17115256564
494790,5.17007218397
494820,5.0198362319
494850,4.18516783427
494880,2.85651958143
494910,2.29907910079
494940,2.96824219975
494970,1.53342027295
495000,0.129336686105
495030,-1.14508289198
495060,-1.39369105778
495090,-1.88404904076
495120,-1.11997846763
495150,-1.83690153157
495180,-1.25435824524
495210,-1.01578326283
495240,-1.43329906524
495270,-1.61800536828
495300,-1.44230139511
495330,-1.37906640189
495360,-2.4113369806
495390,-2.56316068232
495420,-3.1090349373
495450,-3.23766406915
495480,-1.90343045878
495510,-2.58857172968
495540,-2.66119821298
495570,-3.52788626379
495600,-3.17988947528
495630,-4.67486139559
495660,-4.48893904306
495690,-5.32020202672
495720,-3.63695704511
495750,-3.00719139672
495780,-2.26507567089
495810,-1.10094101827
495840,-0.320050413947
495870,1.4191636917
495900,1.83203986793
495930,2.78880593774
495960,2.74265737343
495990,4.06263709012
496020,4.98959713542
496050,6.04473437479
496080,6.01314098654
496110,6.55173559689
496140,6.66875475104
496170,6.15151778288
496200,5.82072731905
496230,5.93925379117
496260,6.50469617183
496290,4.59826326724
496320,2.95607949155
496350,1.5736958054
496380,2.6849809649
496410,1.49080964379
496440,1.44304543952
496470,0.836256332429
496500,3.24448871516
496530,2.8363205587
496560,-0.0119160640262
496590,-0.885489896019
496620,-1.10701635575
496650,-1.37738789734
496680,-1.07095394575
496710,2.00661401841
496740,2.42165932893
496770,0.73584157308
496800,-1.10662926931
496830,-1.38985904733
496860,-2.23460736478
496890,-2.35856246469
496920,-2.98838827132
496950,-2.4421299088
496980,-2.09672131429
497010,-3.24765578687
497040,-3.42694163474
497070,-2.10536963914
497100,-1.37540503204
497130,-0.765101025253
497160,-1.63783760858
497190,-0.243923365607
497220,1.81858024482
497250,1.20415501193
497280,1.06626700458
497310,2.61582692517
497340,4.51716596422
497370,4.19897855562
497400,3.881633349
497430,5.53633177409
497460,7.15590715488
497490,7.60654239015
497520,8.39154028451
497550,10.2098310368
497580,8.09724803643
497610,9.57020075996
497640,7.14826118517
497670,7.65127135888
497700,6.97996412499
497730,3.81983159516
497760,2.25158263782
497790,1.21800662292
497820,1.30223432516
497850,-0.642560899318
497880,-1.08673358124
497910,-2.9732276331
497940,-2.77746638235
497970,-2.49652885999
498000,-2.85736823695
498030,-2.68080033727
498060,-3.13459958458
498090,-2.66929279796
498120,-3.51401601638
498150,-2.80616473613
498180,-3.56883799063
498210,-3.86599067958
498240,-3.95441976751
498270,-4.55831398999
498300,-5.45486521796
498330,-5.4504641264
498360,-5.17728234467
498390,-5.6659577484
498420,-5.77008331644
498450,-5.76221414366
498480,-5.45218230374
498510,-5.3544801604
498540,-5.46316376348
498570,-5.28900755284
498600,-4.02265218697
498630,-3.55770290175
498660,-3.01851723012
498690,-2.34084866403
498720,-1.55716663814
498750,-0.732211464447
498780,0.750637236491
498810,1.39680179781
498840,2.95414477565
498870,3.31878827958
498900,4.11134208574
498930,4.75694185102
498960,5.44253484
498990,5.98514897994
499020,6.50383401786
499050,6.10667594691
499080,5.21277481567
499110,4.9870630493
499140,4.06040046346
499170,2.87836138868
499200,1.79716597936
499230,0.887934346917
499260,0.560938798142
499290,-0.283248554871
499320,-1.03344225176
499350,-1.47184075831
499380,-0.407167023331
499410,-0.00293316014795
499440,0.534555242292
499470,0.862831599548
499500,1.58253527486
499530,1.91342663627
499560,1.69136477359
499590,2.83381454802
499620,0.666172369429
499650,0.579706262982
499680,-1.88750808244
499710,-1.58665179979
499740,-1.69533158755
499770,-2.30308599421
499800,-2.62625879933
499830,-3.27623844546
499860,-3.49840806163
499890,-3.36009089292
499920,-4.07228049438
499950,-3.08013613844
499980,-3.80757945551
500010,-3.91408639197
500040,-3.14154477691
500070,-2.31199092823
500100,-1.15934553798
500130,-1.20541589879
500160,-0.60251074661
500190,1.25987041475
500220,1.98102916971
500250,2.81286976849
500280,3.5948228508
500310,5.15322975357
500340,5.6711010819
500370,6.38552927583
500400,7.35306047362
500430,7.43268769321
500460,9.04724821592
500490,7.05083037043
500520,6.38494760489
500550,4.6367401471
500580,6.25990824345
500610,4.1925198411
500640,3.56851338028
500670,3.49039351957
500700,5.94683821633
500730,4.64440438575
500760,0.882608496163
500790,0.120578360115
500820,-0.325085961516
500850,0.0651995440491
500880,-0.119970656978
500910,-1.43747255334
500940,-2.51207888912
500970,-2.78668673987
501000,-0.387931715447
501030,-0.652328423048
501060,-1.66338491361
501090,-0.982785139167
501120,-1.92776199787
501150,-2.36331145779
501180,-1.87632536845
501210,-1.49298158783
501240,-1.10012595716
501270,-2.79291678574
501300,-0.230836976558
501330,-0.289113218787
501360,0.290890123241
501390,1.97953608502
501420,1.47181071387
501450,1.80708791804
501480,0.374785799601
501510,1.53735266164
501540,2.02485202076
501570,2.91260113769
501600,1.42032142348
501630,2.55984757433
501660,4.13980754693
501690,6.34573386375
501720,7.22593419953
501750,8.09600731553
501780,7.34244541602
501810,6.46949759948
501840,8.85395760366
501870,6.68374046938
501900,6.81567186291
501930,5.43876420475
501960,4.95606812955
501990,4.37292279735
502020,3.82799404297
502050,3.67148260646
502080,3.85847858615
502110,2.02546956403
502140,1.84164017502
502170,1.21036018058
502200,1.40392822799
502230,0.79512118281
502260,3.38503994596
502290,0.218221108573
502320,-0.768487192581
502350,-1.57155550972
502380,0.839379001724
502410,-0.306881121915
502440,2.64437429433
502470,2.56797841858
502500,1.28238537366
502530,-0.109952756396
502560,0.103069337392
502590,-0.91326201124
502620,2.10077393497
502650,0.656088491158
502680,2.12647341945
502710,2.65092692974
502740,0.74112492405
502770,2.06001419031
502800,1.4545747042
502830,1.49156253352
502860,3.05635291085
502890,3.36076350232
502920,2.66755217728
502950,2.8110943284
502980,1.48703883123
503010,3.9269233184
503040,1.99687150909
503070,4.30673860181
503100,5.9559341521
503130,8.92641233636
503160,7.53268775512
503190,9.79707193176
503220,11.3323982135
503250,10.8687856469
503280,11.7150851933
503310,8.24261734908
503340,9.19958367214
503370,7.09234613689
503400,8.10459972563
503430,7.47780361519
503460,4.75145002831
503490,3.02802471205
503520,5.97886334632
503550,1.7941275004
503580,0.695289090729
503610,-1.4499853671
503640,-2.07740244881
503670,-1.67378225147
503700,-2.43523463823
503730,-1.7199201828
503760,0.0546981815288
503790,-1.76343422199
503820,-1.17600678214
503850,-1.61339393994
503880,-1.73346622164
503910,-1.24031274603
503940,-1.11260346854
503970,-1.32249203715
504000,-2.03659378593
504030,-1.2917283069
504060,-1.9409847135
504090,-1.97388528216
504120,-2.73746319439
504150,-3.97726799638
504180,-1.91049943908
504210,-4.12788462784
504240,-1.96027423535
504270,-2.07038516218
504300,-1.79098360162
504330,-0.620207409463
504360,0.116702850511
504390,-0.643449289667
504420,1.49137126958
504450,0.100458702812
504480,0.293837702283
504510,2.37874298141
504540,4.08199349373
504570,3.11686553837
504600,5.27919384979
504630,5.78126163966
504660,5.50461366266
504690,6.8313812056
504720,6.87983384311
504750,6.15629592313
504780,7.61765237181
504810,6.62194168674
504840,5.3805760633
504870,3.99403522586
504900,3.70801401801
504930,2.80320742053
504960,2.59860251266
504990,1.33245881338
505020,2.31334130159
505050,0.290177135975
505080,-0.747407953861
505110,-1.41398491469
505140,-0.959480596113
505170,-1.94532979449
505200,-1.63852307045
505230,-1.59977186221
505260,-1.89856829474
505290,-0.408818933457
505320,1.05094579226
505350,0.625279203727
505380,-0.885551942136
505410,1.80658113353
505440,2.24740379709
505470,1.01791881976
505500,1.48421033027
505530,1.17832191186
505560,1.68425214768
505590,2.17127893619
505620,3.10316299785
505650,1.48222881077
505680,2.05627012942
505710,1.86422468675
505740,-0.764215079467
505770,-0.0461073753618
505800,-0.548981253705
505830,0.581073889902
505860,0.899554148219
505890,1.49182311175
505920,3.68233795298
505950,5.8587227942
505980,7.00903487981
506010,8.40801382327
506040,9.18262379583
506070,9.58302202889
506100,11.0540172358
506130,11.6660981027
506160,13.5967770264
506190,12.3895910898
506220,13.1252962924
506250,13.9078977543
506280,11.6849916791
506310,11.6819838397
506340,11.1481259387
506370,10.4273056551
506400,10.871666352
506430,8.4624918076
506460,7.72509201965
506490,4.77134630778
506520,3.72952152067
506550,3.60323672406
506580,1.13918551867
506610,1.30345845542
506640,0.120510723439
506670,-2.08387900327
506700,-1.15654629891
506730,0.452125905788
506760,-1.59700652004
506790,0.155712569348
506820,0.243600012873
506850,-1.08348438082
506880,1.99018244746
506910,1.84550151142
506940,1.92095494208
506970,1.38360024517
507000,1.80475005857
507030,2.69687650952
507060,0.637061068246
507090,2.38174621038
507120,2.93286086592
507150,2.05307302733
507180,1.92573323569
507210,2.22414514465
507240,2.38154370864
507270,3.1250982994
507300,3.39341335072
507330,3.34818874559
507360,3.06073076471
507390,6.22994672139
507420,4.70112878615
507450,4.47296119224
507480,7.70267044424
507510,6.51785837402
507540,7.14829272966
507570,10.7476722461
507600,11.3690607743
507630,8.25949088199
507660,8.19065203223
507690,10.2051376615
507720,8.47384727164
507750,8.25652376169
507780,8.62183055781
507810,7.66464584499
507840,6.27330347348
507870,6.90111247126
507900,2.62120391873
507930,3.28344568983
507960,2.58669577276
507990,1.97655039067
508020,2.02879330924
508050,1.12125524049
508080,1.02283015684
508110,1.67629732176
508140,3.1480480806
508170,3.19294340484
508200,3.66934314788
508230,3.46146496067
508260,1.62038182128
508290,0.343839136453
508320,0.449735562422
508350,1.56929898391
508380,2.5289689723
508410,3.17633444225
508440,3.63795516175
508470,1.91758118592
508500,1.31990432673
508530,1.02814812301
508560,-1.6516569189
508590,0.999771180011
508620,1.07638459761
508650,0.732305195732
508680,1.25272568025
508710,0.534247693998
508740,2.86557995544
508770,4.19591677448
508800,5.12124888908
508830,2.91121019276
508860,7.58590193165
508890,7.89441021192
508920,8.89749550514
508950,9.19318268574
508980,10.2145559356
509010,11.6868756553
509040,12.1841259135
509070,10.1642121813
509100,10.0543520513
509130,7.56110161292
509160,9.10331152165
509190,6.49619816491
509220,5.69489192731
509250,5.95188327815
509280,6.78474727848
509310,3.07649672069
509340,3.33431159968
509370,2.38321177016
509400,3.00522757901
509430,0.702872307171
509460,-1.10471615936
509490,-1.5178977579
509520,-1.353163602
509550,-1.56479699912
509580,-0.477233272314
509610,1.99460494431
509640,2.43299299875
509670,3.02482829858
509700,3.41247620201
509730,1.55044604594
509760,1.49527566463
509790,-0.105530457873
509820,1.71637847651
509850,-1.00021295989
509880,-0.562248604734
509910,-1.25120147431
509940,0.328729045441
509970,-2.14931806427
510000,-1.22033969865
510030,-1.20553285372
510060,0.226204336813
510090,-0.396038832043
510120,1.52557357399
510150,2.5441717359
510180,4.1738321353
510210,4.91414020172
510240,4.5399761384
510270,3.49994357075
510300,6.34556638765
510330,6.50570299398
510360,5.56717738642
510390,6.24858707129
510420,8.8928953446
510450,8.2612151319
510480,10.6871742344
510510,11.1468779847
510540,11.3323332839
510570,10.1760344318
510600,9.79525373706
510630,9.29262319843
510660,6.88512361104
510690,8.63505970851
510720,7.23762199342
510750,4.3900604346
510780,5.87647291872
510810,5.35338654577
510840,5.63686268597
510870,5.77577792655
510900,7.55373527962
510930,5.3556128748
510960,5.91250200472
510990,4.77518036048
511020,4.61373103865
511050,5.10671274197
511080,4.79430307433
511110,3.78082905877
511140,5.38978061888
511170,3.07017296821
511200,3.9623843809
511230,3.64923298489
511260,-0.978378208538
511290,-0.0584859168135
511320,-2.22973666054
511350,-2.2265729385
511380,-1.34348211608
511410,0.0405113112548
511440,0.126636101261
511470,-0.766769504123
511500,1.44025416538
511530,1.99830761413
511560,2.93718615573
511590,1.86528324594
511620,3.36572775407
511650,3.61024504019
511680,5.14047740763
511710,6.30528068749
511740,6.51271311914
511770,6.87371154729
511800,6.49001490976
511830,7.29498435598
511860,9.03913520429
511890,8.15162307487
511920,8.32720361467
511950,11.1046625748
511980,11.0546828643
512010,9.13964668738
512040,9.45706866135
512070,6.51986386279
512100,7.54380696184
512130,7.26281182999
512160,6.7063761006
512190,4.86816110723
512220,3.36090530735
512250,1.63433782253
512280,1.75289549785
512310,1.33940891443
512340,1.42017979282
512370,-1.25997827554
512400,-1.13122659808
512430,-0.149610905394
512460,-1.74117554339
512490,-2.55968187362
512520,-2.67506522311
512550,-2.47360781406
512580,1.4114167373
512610,-2.84108067256
512640,-2.21442773917
512670,-4.06099024109
512700,-4.96318724301
512730,-4.8961711282
512760,-3.62375816781
512790,-2.95243101139
512820,-3.84274221732
512850,-3.97155193627
512880,-5.15538372405
512910,-4.93098665974
512940,-5.70700695959
512970,-3.42797189544
513000,-3.411713084
513030,-0.653460162829
513060,1.78694519634
513090,2.59986051055
513120,4.6614188074
513150,3.89536708015
513180,6.01499049931
513210,6.45387644994
513240,6.53688183699
513270,7.52481839808
513300,10.0052169703
513330,12.1498196057
513360,13.9009117085
513390,12.3594536529
513420,12.4767635519
513450,9.14097735157
513480,9.91163867744
513510,9.25614325677
513540,8.11117150348
513570,6.73809252198
513600,7.63248779487
513630,6.23724642284
513660,4.72053175148
513690,4.79376603886
513720,4.53577574911
513750,3.30284662006
513780,0.928879715053
513810,-0.810204125232
513840,-0.851377003243
513870,-0.101584121063
513900,-0.713117612412
513930,-0.929308289734
513960,-2.06327699446
513990,-1.15842530961
514020,1.54361654885
514050,2.37188745316
514080,4.81277293697
514110,1.51534252929
514140,1.71099191139
514170,1.46161372785
514200,1.90526415245
514230,2.41047054202
514260,2.02229580285
514290,0.557738381516
514320,0.553795401407
514350,0.234381480732
514380,-2.52842582455
514410,1.38482908969
514440,2.72271488339
514470,1.03011767564
514500,3.1012249056
514530,4.62651511486
514560,3.83280227518
514590,4.33755717705
514620,6.49151712096
514650,7.54948891016
514680,8.6015597248
514710,8.81711366154
514740,8.35947507757
514770,7.39707657487
514800,8.72446367518
514830,6.90618685618
514860,8.99717506894
514890,9.53329056848
514920,6.15439920397
514950,3.03911699626
514980,2.25030795863
515010,1.38940767928
515040,0.462624003633
515070,-0.306749382672
515100,-0.881011635378
515130,-0.7460282197
515160,-0.218549156543
515190,2.88463081409
515220,2.15996903644
515250,0.0787348246225
515280,-1.72111730815
515310,1.30338003081
515340,2.68072497744
515370,1.82847035728
515400,4.26402412281
515430,4.56240422445
515460,3.48632844728
515490,3.35611915872
515520,3.77752670571
515550,1.51347873983
515580,1.45051158688
515610,0.739055360726
515640,3.2267741989
515670,2.53121225284
515700,1.65340236723
515730,-0.141928490267
515760,-4.10860544672
515790,-1.04316808786
515820,0.278075559153
515850,1.20033152572
515880,2.85584724259
515910,1.24641141751
515940,4.27117562752
515970,4.86059558364
516000,4.97126290431
516030,5.43468260186
516060,7.72610379598
516090,9.26499239242
516120,10.2618026335
516150,10.7831031877
516180,10.5398474406
516210,12.3044231056
516240,12.222682407
516270,12.5097894562
516300,10.6733918024
516330,10.8241991926
516360,10.3197037761
516390,9.68901897105
516420,10.1548789266
516450,11.1965607183
516480,8.2443491001
516510,8.30017147273
516540,7.8814021195
516570,7.23973507242
516600,6.45897776346
516630,6.68217235256
516660,5.01630110395
516690,5.31099654623
516720,4.78837177548
516750,4.16051515743
516780,2.94020739347
516810,1.890802332
516840,2.70207227359
516870,3.63635378561
516900,4.31474471373
516930,5.32602465706
516960,5.20179819993
516990,4.58434185842
517020,4.26027419969
517050,3.89238291655
517080,1.73528306451
517110,2.33162755109
517140,1.72652372931
517170,2.25841228796
517200,1.65415085628
517230,2.59324553275
517260,1.87497831222
517290,1.43064798238
517320,3.29298976437
517350,1.91436572789
517380,-0.338896761668
517410,1.0175145446
517440,1.95948554073
517470,1.77122605657
517500,2.09199857604
517530,3.13595895456
517560,7.9211994632
517590,7.56684393966
517620,8.64696510179
517650,9.56263835627
517680,9.70797669698
517710,9.12762206169
517740,9.34924121977
517770,7.56840975718
517800,7.79008633877
517830,7.29590981421
517860,8.32034570928
517890,8.18996106071
517920,7.56061134325
517950,6.81284756228
517980,5.58270725721
518010,3.57777312327
518040,3.79147464603
518070,2.71659806216
518100,0.657642296096
518130,2.20578479933
518160,2.21307390076
518190,2.6256844521
518220,-0.67753252097
518250,-2.01358910198
518280,-2.40727858506
518310,-3.34499070927
518340,-4.11415641275
518370,-4.01866285948
518400,-4.02482175805
518430,-4.37344378197
518460,-3.92941863055
518490,-4.32495002324
518520,-4.80146378214
518550,-4.50896086659
518580,-5.23756159735
518610,-5.52197052658
518640,-3.62977304822
518670,-5.01630741867
518700,-2.38403786615
518730,-3.548241452
518760,-3.58559586263
518790,-3.8807173
518820,-3.12530652696
518850,-3.32866724354
518880,-2.7288437227
518910,-1.16471418544
518940,-0.220177994882
518970,1.374399022
519000,3.30168676154
519030,3.17274786011
519060,4.14207910625
519090,4.72026968087
519120,7.0978571185
519150,9.02596773496
519180,7.57223089783
519210,9.04617957487
519240,9.49501199605
519270,9.12064261895
519300,9.79672591266
519330,9.09539573235
519360,8.28512027334
519390,7.7846118408
519420,6.49916624148
519450,5.53682818532
519480,3.59881082004
519510,5.5781658476
519540,4.92681598029
519570,3.24521055359
519600,4.14122023641
519630,4.48963815648
519660,3.77295704809
519690,3.20808779892
519720,0.736580628717
519750,2.15251841188
519780,3.49473840311
519810,3.67662923446
519840,4.1953701112
519870,4.07839445388
519900,4.46341618751
519930,4.29814325071
519960,5.13663849465
519990,4.77447946546
520020,4.54809397867
520050,2.24578689943
520080,2.35067235803
520110,1.72261480543
520140,1.63067338307
520170,2.19025689902
520200,3.20783790636
520230,3.37393500066
520260,4.38438641295
520290,6.08700970015
520320,6.56291896313
520350,7.61701289897
520380,10.47177227
520410,11.4541431243
520440,12.0818753335
520470,12.4504649221
520500,13.0749292478
520530,14.0897029984
520560,14.3901121177
520590,14.6629270395
520620,15.0338613842
520650,13.4651026727
520680,12.8754389503
520710,12.2678265466
520740,11.7978332877
520770,10.6013672935
520800,10.80928038
520830,9.23812575388
520860,8.24540358188
520890,8.22930553599
520920,8.57820952935
520950,8.39123181053
520980,10.104145024
521010,7.44919530882
521040,7.17136727578
521070,7.36795831333
521100,6.61344117149
521130,7.15023073532
521160,6.50587510899
521190,6.57025401606
521220,6.84300762259
521250,5.73145950852
521280,4.23575724194
521310,3.70973687845
521340,5.02642493913
521370,4.72361208828
521400,3.18876039578
521430,2.87524337473
521460,3.56658359488
521490,3.53261729208
521520,3.71239337486
521550,3.61695621693
521580,4.45092829558
521610,4.82999838208
521640,4.59892296602
521670,5.49365630206
521700,6.14607343871
521730,6.19719030273
521760,4.96146861589
521790,7.87753664265
521820,9.69298454119
521850,11.2069224622
521880,12.678957456
521910,13.3056212403
521940,13.9191826439
521970,14.015670252
522000,14.3037693583
522030,14.5020205057
522060,14.7011762201
522090,14.6258258769
522120,15.0810902352
522150,13.7506205
522180,12.3915724908
522210,11.1714337946
522240,11.5517316734
522270,10.2894688171
522300,9.42383699103
522330,8.43428571475
522360,8.46143231408
522390,6.35105249262
522420,6.17887781108
522450,6.89244576114
522480,4.67572267995
522510,3.7134705432
522540,5.91841700724
522570,4.32875810068
522600,4.07538018614
522630,2.31553550169
522660,2.96744057986
522690,3.22153727792
522720,3.7427389161
522750,3.69724434953
522780,2.79053148757
522810,3.0610081729
522840,3.83144276358
522870,2.38763201735
522900,2.42326236631
522930,2.35967239638
522960,1.91641524759
522990,2.91065920402
523020,3.2618439778
523050,4.7945973966
523080,5.17440107029
523110,5.79699772416
523140,5.64390185732
523170,6.43962547541
523200,6.89007078959
523230,9.02057799717
523260,10.5449749247
523290,12.1309812348
523320,13.2047342677
523350,13.1387629631
523380,13.7557392123
523410,12.4982868292
523440,13.2795770568
523470,14.6579437586
523500,13.78640905
523530,12.7948119221
523560,11.278485689
523590,11.1997797174
523620,9.60676168865
523650,7.6731927758
523680,6.59711468144
523710,5.60252929273
523740,5.1626311256
523770,4.90088580269
523800,4.7486308958
523830,4.30064590624
523860,2.62303386922
523890,2.02865464215
523920,2.02573959927
523950,0.557212439133
523980,1.62604466284
524010,-0.379366069583
524040,0.665456032363
524070,0.659112915782
524100,0.083876229147
524130,0.34705227945
524160,0.399547041479
524190,0.237268613226
524220,-0.911391587072
524250,0.212052251372
524280,-0.374417462026
524310,0.0517279814008
524340,-0.852267287863
524370,1.20355984457
524400,1.25621136145
524430,-1.00031796844
524460,-0.663726146782
524490,-1.7057314156
524520,-2.48921629171
524550,-3.6098794711
524580,-3.36747472028
524610,-2.33288649337
524640,1.55027544298
524670,3.85097163323
524700,4.17222326428
524730,4.33591078622
524760,4.5383368424
524790,7.59972351406
524820,8.19101554154
524850,8.96780077517
524880,8.89774096734
524910,10.6736182301
524940,10.1119066012
524970,8.47401645018
525000,10.2654388003
525030,9.66032908001
525060,8.79547546939
525090,6.23158457601
525120,4.26771002981
525150,2.62151919237
525180,4.62206526245
525210,4.1019674458
525240,2.2310962246
525270,2.94566517983
525300,0.959169332897
525330,1.1404669647
525360,-0.00660852409493
525390,1.71905967551
525420,-0.462458669281
525450,0.411508804419
525480,1.86916773217
525510,2.29211361581
525540,3.64443062362
525570,4.60440395038
525600,4.66463203968
525630,4.99579496933
525660,3.55711282289
525690,4.89389459443
525720,4.39463852824
525750,4.29106714153
525780,3.51895277245
525810,2.78909314223
525840,2.94510295727
525870,1.74307342962
525900,1.35829233579
525930,2.32805364723
525960,2.3468682207
525990,4.3988432748
526020,4.48554844908
526050,5.55441303136
526080,6.25586845938
526110,8.53820478756
526140,9.79654869606
526170,11.2574385565
526200,11.3613655346
526230,12.5699973311
526260,13.5589112046
526290,13.5598915569
526320,12.0840242454
526350,11.6906917337
526380,11.3370960585
526410,13.0676485555
526440,11.4682250574
526470,11.4524742793
526500,11.1364303891
526530,10.1749472676
526560,10.3512731715
526590,9.15122344834
526620,7.2434444987
526650,7.48467794585
526680,7.22622914467
526710,5.56243539557
526740,6.43855882241
526770,5.31852500192
526800,5.11628634426
526830,4.84067936375
526860,3.40413756614
526890,3.52799210894
526920,5.30259784716
526950,3.60627332837
526980,4.3509550746
527010,4.517896961
